6.333,30,189,49
B0,mixamorig_Hips,-1,0.766804575920105,-0.06095336750149727,0.635705292224884,0,0.06920168548822403,0.9975212216377258,0.012228638865053654,0,-0.6348658800125122,0.0348377488553524,0.7691352367401123,0,0.995383083820343,83.58267974853516,0.8934263586997986,1
B1,mixamorig_Spine,0,0.9996904730796814,-0.0038871511351317167,0.023953190073370934,0,0.004909079521894455,0.9990782141685486,-0.04262685403227806,0,-0.023765897378325462,0.04272615537047386,0.9987891912460327,0,0,11.767775535583496,-0.8589490056037903,1
B2,mixamorig_Spine1,1,0.9984821677207947,-0.004874988924711943,0.05412232503294945,0,0.0027607406955212355,0.999224066734314,0.0392620712518692,0,-0.054272543638944626,-0.0390598438680172,0.9977214336395264,0,0,13.765604019165039,0,1
B3,mixamorig_Spine2,2,0.9984786510467529,-0.0038784085772931576,0.05426595360040665,0,0.0017632392700761557,0.9992299675941467,0.039166346192359924,0,-0.054377708584070206,-0.03901920095086098,0.9977171421051025,0,0,15.732110023498535,0,1
B4,mixamorig_Neck,3,0.9835048913955688,0.018911434337496758,0.17969335615634918,0,-0.04839491471648216,0.985738217830658,0.1610507369041443,0,-0.17407456040382385,-0.16713093221187592,0.9704241156578064,0,0,17.69861602783203,0,1
B5,mixamorig_Head,4,0.44338303804397583,0.3815487325191498,0.8105682134628296,0,-0.44510534405708313,0.8790897130966187,-0.17037922143936157,0,-0.7775170207023621,-0.2854304611682892,0.5596733093261719,0,0,5.233917236328125,1.2519899606704712,1
B6,mixamorig_HeadTop_End,5,1,0,0,0,0,1,0,0,0,0,1,0,0,34.13117980957031,8.164422035217285,1
B7,mixamorig_LeftShoulder,3,-0.07616759836673737,0.003571972018107772,-0.9970883131027222,0,0.9393014311790466,-0.3350474238395691,-0.07296518981456757,0,-0.33433255553245544,-0.9421237707138062,0.022165898233652115,0,6.715591907501221,15.487915992736816,-0.1722780019044876,1
B8,mixamorig_LeftArm,7,0.9289183616638184,0.08043531328439713,-0.36024922132492065,0,0.2626575529575348,0.5430678129196167,0.7972257733345032,0,0.25948798656463623,-0.8355526328086853,0.4832362234592438,0,0,14.147010803222656,0,1
B9,mixamorig_LeftForeArm,8,0.8534507751464844,0.5208806395530701,0.01675153523683548,0,-0.521085798740387,0.8524001240730286,0.04312542825937271,0,0.008186538703739643,-0.04553435370326042,0.9989293813705444,0,0,32.14511489868164,0,1
B10,mixamorig_LeftHand,9,0.9546822309494019,0.23301585018634796,-0.18289360404014587,0,-0.23444999754428864,0.9716767072677612,0.01389280054718256,0,0.18108902871608734,0.029983138665556908,0.982917308807373,0,0,27.665929794311523,0,1
B11,mixamorig_LeftHandThumb1,10,0.9775155186653137,-0.06387840211391449,-0.20094312727451324,0,0.07426197826862335,0.9962390065193176,0.04455626383423805,0,0.19733843207359314,-0.05847811698913574,0.9785876870155334,0,-3.7038679122924805,4.203558921813965,1.5616669654846191,1
B12,mixamorig_LeftHandThumb2,11,0.981351912021637,-0.15633869171142578,0.11183038353919983,0,0.15098845958709717,0.9870116114616394,0.05486308038234711,0,-0.11895530670881271,-0.03695538640022278,0.9922116994857788,0,-0.855193018913269,4.573636054992676,0,1
B13,mixamorig_LeftHandThumb3,12,0.9684100151062012,0.24805067479610443,0.025427663698792458,0,-0.24563835561275482,0.9665488600730896,-0.07373284548521042,0,-0.04287013038992882,0.06515868753194809,0.9969529509544373,0,0.06267700344324112,4.56171989440918,0,1
B14,mixamorig_LeftHandThumb4,13,1,0,0,0,0,1,0,0,0,0,1,0,0.7925170063972473,3.134895086288452,0,1
B15,mixamorig_LeftHandIndex1,10,0.9763568043708801,-0.21484290063381195,-0.02382759004831314,0,0.20997753739356995,0.9688097834587097,-0.1312573254108429,0,0.0512695275247097,0.12315455079078674,0.991019070148468,0,-2.713244915008545,10.45480728149414,-0.21860000491142273,1
B16,mixamorig_LeftHandIndex2,15,0.995773434638977,-0.08616138994693756,-0.03179754316806793,0,0.08561553806066513,0.7455565333366394,0.6608952879905701,0,-0.03324053809046745,-0.6608238816261292,0.7497828006744385,0,0.038825999945402145,4.574243068695068,0,1
B17,mixamorig_LeftHandIndex3,16,0.9997609853744507,-0.021568741649389267,-0.003434108104556799,0,0.021811354905366898,0.9778105616569519,0.20829220116138458,0,-0.0011373559245839715,-0.20831727981567383,0.97804856300354,0,-0.026038000360131264,4.4456939697265625,0,1
B18,mixamorig_LeftHandIndex4,17,1,0,0,0,0,1,0,0,0,0,1,0,-0.012787999585270882,2.8966009616851807,0,1
B19,mixamorig_LeftHandMiddle1,10,0.9666355848312378,-0.25104227662086487,-0.050913043320178986,0,0.25296029448509216,0.9667923450469971,0.03562675788998604,0,0.040269702672958374,-0.04731501266360283,0.998041570186615,0,2.713244915008545,11.189584732055664,-0.3388580083847046,1
B20,mixamorig_LeftHandMiddle2,19,0.9988579154014587,-0.04472138360142708,-0.016800325363874435,0,0.04621230065822601,0.8153460025787354,0.5771160125732422,0,-0.012112485244870186,-0.5772334337234497,0.8164814114570618,0,-0.020848000422120094,4.469535827636719,0,1
B21,mixamorig_LeftHandMiddle3,20,0.9999955892562866,-0.002748670754954219,0.0009136217995546758,0,0.0025209805462509394,0.9812705516815186,0.19258813560009003,0,-0.0014268308877944946,-0.19258512556552887,0.9812729358673096,0,-0.011682000011205673,4.152554988861084,0,1
B22,mixamorig_LeftHandMiddle4,21,1,0,0,0,0,1,0,0,0,0,1,0,0.03252999857068062,3.118256092071533,0,1
B23,mixamorig_RightShoulder,3,-0.029803583398461342,-0.008327366784214973,0.9994797706604004,0,-0.9321559071540833,-0.36063507199287415,-0.03081398829817772,0,0.36069896817207336,-0.9326627254486084,0.002956131938844919,0,-6.715591907501221,15.48633098602295,-0.15056400001049042,1
B24,mixamorig_RightArm,23,0.9650012850761414,-0.25962644815444946,-0.019191117957234383,0,0.15573012828826904,0.5175720453262329,0.8409880995750427,0,-0.20866122841835022,-0.8146291375160217,0.5405821800231934,0,0,14.147010803222656,0,1
B25,mixamorig_RightForeArm,24,0.92015540599823,-0.39135852456092834,-0.0110307103022933,0,0.39150628447532654,0.9195975661277771,0.032131630927324295,0,-0.002433245535939932,-0.033884547650814056,0.9994231462478638,0,0,32.14628601074219,0,1
B26,mixamorig_RightHand,25,0.9550729393959045,-0.2757028639316559,0.1085737943649292,0,0.27142661809921265,0.9609869122505188,0.05248688906431198,0,-0.1188448891043663,-0.02063763327896595,0.9926720261573792,0,0,27.66599464416504,0,1
B27,mixamorig_RightHandThumb1,26,0.9784874320030212,-0.15593062341213226,0.1349971890449524,0,0.07444001734256744,0.8774073123931885,0.4739050567150116,0,-0.19235914945602417,-0.4536696672439575,0.8701582551002502,0,3.2586729526519775,4.304018020629883,1.2606860399246216,1
B28,mixamorig_RightHandThumb2,27,0.8064497113227844,0.5750879049301147,-0.13732405006885529,0,-0.571731686592102,0.8176845908164978,0.06676840782165527,0,0.15068292617797852,0.024668099358677864,0.9882731437683105,0,0.6218270063400269,4.3911638259887695,0,1
B29,mixamorig_RightHandThumb3,28,0.9425047039985657,-0.3332631587982178,-0.02489018440246582,0,0.3317752480506897,0.942031741142273,-0.05000431835651398,0,0.040111612528562546,0.03887186199426651,0.9984389543533325,0,0.34510698914527893,4.937984943389893,0,1
B30,mixamorig_RightHandThumb4,29,1,0,0,0,0,1,0,0,0,0,1,0,-0.9669340252876282,3.409749984741211,0,1
B31,mixamorig_RightHandIndex1,26,0.998132050037384,0.05851038172841072,0.016704823821783066,0,-0.05857944115996361,0.9982564449310303,0.003769485978409648,0,-0.016472188755869865,-0.0047442191280424595,0.9998486042022705,0,2.7862589359283447,11.941570281982422,-0.219309002161026,1
B32,mixamorig_RightHandIndex2,31,0.9932640790939331,0.10847906768321991,0.04073391482234001,0,-0.10827837884426117,0.7437242269515991,0.6596588492393494,0,0.04126429557800293,-0.6596258878707886,0.7504604458808899,0,-0.01982099935412407,4.232019901275635,0,1
B33,mixamorig_RightHandIndex3,32,0.9995962381362915,0.02817770093679428,0.0034327004104852676,0,-0.02830485813319683,0.9802634119987488,0.19550026953220367,0,0.002153070643544197,-0.19551889598369598,0.98066645860672,0,0.014708000235259533,4.001809120178223,0,1
B34,mixamorig_RightHandIndex4,33,1,0,0,0,0,1,0,0,0,0,1,0,0.005113000050187111,2.614849090576172,0,1
B35,mixamorig_RightHandMiddle1,26,0.9859413504600525,0.16239486634731293,0.039101552218198776,0,-0.16470152139663696,0.9841108918190002,0.06583941727876663,0,-0.02781730517745018,-0.07136129587888718,0.9970389008522034,0,-2.7862589359283447,12.198205947875977,-0.5300909876823425,1
B36,mixamorig_RightHandMiddle2,35,0.9971204400062561,0.07121449708938599,0.026054946705698967,0,-0.07174372673034668,0.7746558785438538,0.6282995939254761,0,0.02456071600317955,-0.628359854221344,0.7775347232818604,0,0.020383000373840332,4.341177940368652,0,1
B37,mixamorig_RightHandMiddle3,36,0.9998367428779602,0.017975809052586555,-0.0016349925426766276,0,-0.017512524500489235,0.9878619313240051,0.15417376160621643,0,0.004393081180751324,-0.1541202962398529,0.9880163073539734,0,-0.010591999627649784,3.872765064239502,0,1
B38,mixamorig_RightHandMiddle4,37,1,0,0,0,0,1,0,0,0,0,1,0,-0.009789999574422836,2.2585830688476562,0,1
B39,mixamorig_LeftUpLeg,0,-0.9298154711723328,-0.08546865731477737,0.3577098250389099,0,0.1416671872138977,-0.9806188344955444,0.13449975848197937,0,0.3393043577671051,0.1757623702287674,0.9238924980163574,0,9.818920135498047,-6.544707775115967,-0.683318018913269,1
B40,mixamorig_LeftLeg,39,0.9870744347572327,0.08302049338817596,0.13707903027534485,0,0.03443649783730507,0.7255105376243591,-0.6873293519020081,0,-0.15651515126228333,0.6831658482551575,0.713273823261261,0,0,39.11348342895508,0,1
B41,mixamorig_LeftFoot,40,0.9372103810310364,-0.1446414589881897,0.31711545586586,0,-0.2888147234916687,0.1870015412569046,0.9387751221656799,0,-0.19495965540409088,-0.971589207649231,0.13353067636489868,0,0,31.346237182617188,0,1
B42,mixamorig_LeftToeBase,41,0.9486926794052124,0.022630875930190086,-0.3153883218765259,0,0.2012312263250351,0.7261654734611511,0.6574115753173828,0,0.24390211701393127,-0.6871470212936401,0.684353768825531,0,0,17.027231216430664,0,1
B43,mixamorig_LeftToe_End,42,1,0,0,0,0,1,0,0,0,0,1,0,0,5.907282829284668,0,1
B44,mixamorig_RightUpLeg,0,-0.9998146295547485,0.003836918855085969,0.005396994762122631,0,-0.001374855637550354,-0.9267763495445251,0.37528061866760254,0,0.006318589672446251,0.37539905309677124,0.9266679286956787,0,-9.818920135498047,-6.544707775115967,-0.6429870128631592,1
B45,mixamorig_RightLeg,44,0.9988937973976135,0.03669551759958267,0.019292062148451805,0,-0.019138621166348457,0.8238534927368164,-0.5664167404174805,0,-0.03667307272553444,0.5654343962669373,0.8236362338066101,0,0,39.10274124145508,0,1
B46,mixamorig_RightFoot,45,0.9265445470809937,0.01872258447110653,0.37512803077697754,0,-0.3408067226409912,0.4613950848579407,0.8188465237617493,0,-0.15790113806724548,-0.8869646787643433,0.4339154362678528,0,0,31.358957290649414,0,1
B47,mixamorig_RightToeBase,46,0.9454751014709473,-0.008790718391537666,0.3255718946456909,0,-0.20740747451782227,0.7544819116592407,0.6226735711097717,0,-0.2511160969734192,-0.6562482118606567,0.711520791053772,0,0,17.255468368530273,9.999999974752427e-7,1
B48,mixamorig_RightToe_End,47,1,0,0,0,0,1,0,0,0,0,1,0,0,5.877996921539307,0,1
@40,0,1,2,3,4,5,7,8,9,10,11,12,13,15,16,17,19,20,21,23,24,25,26,27,28,29,31,32,33,35,36,37,39,40,41,42,44,45,46,47
K0.000,0.9990530014038086,-0.031821999698877335,0.029665999114513397,0,0.032297998666763306,0.9993550181388855,-0.015723999589681625,0,-0.029146000742912292,0.016666999086737633,0.9994360208511353,0,-0.11890500038862228,83.8602294921875,0.7624490261077881,1,0.9999859929084778,-0.0032289999071508646,0.004257999826222658,0,0.00342399999499321,0.9989039897918701,-0.04668499901890755,0,-0.004102000035345554,0.04669899865984917,0.9989010095596313,0,0,11.767775535583496,-0.8589490056037903,1,0.9995980262756348,-0.0006339999963529408,0.028351999819278717,0,-0.0003220000071451068,0.9994320273399353,0.03370000049471855,0,-0.028356999158859253,-0.033695999532938004,0.9990299940109253,0,0,13.765604019165039,0,1,0.9995989799499512,0.0001900000061141327,0.028301000595092773,0,-0.001142999972216785,0.9994320273399353,0.03367000073194504,0,-0.028279000893235207,-0.033688999712467194,0.9990320205688477,0,0,15.732110023498535,0,1,0.9999589920043945,0.00304599991068244,0.008553000167012215,0,-0.0036279999185353518,0.9976209998130798,0.06884299963712692,0,-0.008322999812662601,-0.06887099891901016,0.9975910186767578,0,0,17.69861602783203,0,1,0.9968400001525879,0.06017500162124634,0.05185899883508682,0,-0.06349699944257736,0.9958630204200745,0.0649930015206337,0,-0.04773300141096115,-0.06808000057935715,0.9965370297431946,0,0,5.233917236328125,1.2519899606704712,1,-0.0688830018043518,0.008930999785661697,-0.9975849986076355,0,0.9181569814682007,-0.390529990196228,-0.0668950006365776,0,-0.3901839852333069,-0.9205470085144043,0.018699999898672104,0,6.715591907501221,15.487915992736816,-0.1722780019044876,1,0.966742992401123,0.12066199630498886,-0.22549499571323395,0,0.09813299775123596,0.6391990184783936,0.7627540230751038,0,0.23617200553417206,-0.7595160007476807,0.6061009764671326,0,0,14.147010803222656,0,1,0.9303060173988342,0.3666380047798157,0.01039000041782856,0,-0.366782009601593,0.9298120141029358,0.030355999246239662,0,0.0014680000022053719,-0.032051000744104385,0.9994850158691406,0,0,32.14511489868164,0,1,0.956570029258728,0.2391670048236847,-0.16665400564670563,0,-0.2332800030708313,0.9708899855613708,0.054343998432159424,0,0.17480100691318512,-0.013106999918818474,0.984516978263855,0,0,27.665929794311523,0,1,0.9785869717597961,0.03690899908542633,-0.20249900221824646,0,0.0011790000135079026,0.9827709794044495,0.1848219931125641,0,0.20583200454711914,-0.18110300600528717,0.9616829752922058,0,-3.7038679122924805,4.203558921813965,1.5616669654846191,1,0.9814689755439758,-0.15603099763393402,0.11123500019311905,0,0.15047700703144073,0.9869840145111084,0.056738998740911484,0,-0.1186399981379509,-0.03894999995827675,0.9921730160713196,0,-0.855193018913269,4.573636054992676,0,1,0.976580023765564,0.21262100338935852,0.03291799873113632,0,-0.21056200563907623,0.9759250283241272,-0.05686099827289581,0,-0.04421500116586685,0.0485990010201931,0.9978389739990234,0,0.06267700344324112,4.56171989440918,0,1,0.9678130149841309,-0.2507309913635254,-0.0217289999127388,0,0.2504369914531708,0.9509350061416626,0.1816679984331131,0,-0.024886999279260635,-0.18126200139522552,0.9831200242042542,0,-2.713244915008545,10.45480728149414,-0.21860000491142273,1,0.9970800280570984,-0.07342100143432617,-0.02101599983870983,0,0.07309400290250778,0.8377249836921692,0.5411790013313293,0,-0.022128000855445862,-0.5411339998245239,0.8406450152397156,0,0.038825999945402145,4.574243068695068,0,1,0.9999589920043945,-0.009043999947607517,-0.0009960000170394778,0,0.009097999893128872,0.9954699873924255,0.09464400261640549,0,0.00013600000238511711,-0.09464900195598602,0.995510995388031,0,-0.026038000360131264,4.4456939697265625,0,1,0.9590299725532532,-0.27704501152038574,-0.05922799929976463,0,0.28121399879455566,0.9055590033531189,0.3176189959049225,0,-0.034359999001026154,-0.321262001991272,0.9463670253753662,0,2.713244915008545,11.189584732055664,-0.3388580083847046,1,0.9993299841880798,-0.03507699817419052,-0.010486000217497349,0,0.035996001213788986,0.8890650272369385,0.4563640058040619,0,-0.006684999912977219,-0.45643600821495056,0.8897309899330139,0,-0.020848000422120094,4.469535827636719,0,1,0.9999849796295166,0.005355999805033207,0.0010629999451339245,0,-0.005433000158518553,0.9954100251197815,0.09554799646139145,0,-0.0005460000247694552,-0.095551997423172,0.9954239726066589,0,-0.011682000011205673,4.152554988861084,0,1,0.07863999903202057,-0.014519999735057354,0.9967970252037048,0,-0.8973079919815063,-0.4366779923439026,0.06442999839782715,0,0.43434399366378784,-0.8995010256767273,-0.04736899957060814,0,-6.715591907501221,15.48633098602295,-0.15056400001049042,1,0.9995120167732239,0.017294999212026596,0.02602599933743477,0,-0.03116999939084053,0.6108570098876953,0.7911279797554016,0,-0.0022150001022964716,-0.7915520071983337,0.611096978187561,0,0,14.147010803222656,0,1,0.9064019918441772,-0.4222399890422821,-0.012160000391304493,0,0.42239999771118164,0.9057459831237793,0.0346670001745224,0,-0.0036239998880773783,-0.03655799850821495,0.9993249773979187,0,0,32.14628601074219,0,1,0.986191987991333,-0.15395799279212952,0.06100299954414368,0,0.15596400201320648,0.9873200058937073,-0.02958500012755394,0,-0.055674001574516296,0.038690999150276184,0.9976990222930908,0,0,27.66599464416504,0,1,0.9720950126647949,0.051511000841856,0.22886300086975098,0,-0.14855000376701355,0.8902350068092346,0.4305970072746277,0,-0.18156099319458008,-0.45257899165153503,0.873045027256012,0,3.2586729526519775,4.304018020629883,1.2606860399246216,1,0.9414650201797485,0.31178298592567444,-0.12819699943065643,0,-0.3053559958934784,0.9498379826545715,0.06756100058555603,0,0.1428309977054596,-0.02446099929511547,0.9894449710845947,0,0.6218270063400269,4.3911638259887695,0,1,0.931780993938446,-0.3624820113182068,-0.019770000129938126,0,0.3608030080795288,0.930724024772644,-0.059790000319480896,0,0.040073998272418976,0.04857800155878067,0.9980149865150452,0,0.34510698914527893,4.937984943389893,0,1,0.9784460067749023,0.2064809948205948,-0.0028649999294430017,0,-0.1932079941034317,0.9202709794044495,0.34025201201438904,0,0.07289200276136398,-0.3323650062084198,0.9403300285339355,0,2.7862589359283447,11.941570281982422,-0.219309002161026,1,0.99549800157547,0.09094999730587006,0.026698000729084015,0,-0.090829998254776,0.8347679972648621,0.5430579781532288,0,0.027103999629616737,-0.543038010597229,0.8392699956893921,0,-0.01982099935412407,4.232019901275635,0,1,0.9999889731407166,-0.00470399996265769,0.00008099999831756577,0,0.00470399996265769,0.9997990131378174,-0.019463999196887016,0,0.000009999999747378752,0.019463999196887016,0.9998109936714172,0,0.014708000235259533,4.001809120178223,0,1,0.960286021232605,0.27414101362228394,0.051927000284194946,0,-0.26871299743652344,0.858564019203186,0.4366469979286194,0,0.0751200020313263,-0.4332599937915802,0.8981329798698425,0,-2.7862589359283447,12.198205947875977,-0.5300909876823425,1,0.9982619881629944,0.056623999029397964,0.01632400043308735,0,-0.056977998465299606,0.8567079901695251,0.5126439929008484,0,0.015042999759316444,-0.5126829743385315,0.8584460020065308,0,0.020383000373840332,4.341177940368652,0,1,0.9999269843101501,-0.004559999797493219,-0.011177999898791313,0,0.004315000027418137,0.9997509717941284,-0.02188899926841259,0,0.011274999938905239,0.021839000284671783,0.9996979832649231,0,-0.010591999627649784,3.872765064239502,0,1,-0.993278980255127,-0.09444999694824219,0.06690599769353867,0,0.10797599703073502,-0.9643319845199585,0.24167099595069885,0,0.041694000363349915,0.24727100133895874,0.9680489897727966,0,9.818920135498047,-6.544707775115967,-0.683318018913269,1,0.9878249764442444,0.07537099719047546,0.13609400391578674,0,0.03153099864721298,0.7596489787101746,-0.6495689749717712,0,-0.15234200656414032,0.645950973033905,0.7480229735374451,0,0,39.11348342895508,0,1,0.9956979751586914,-0.09044799953699112,-0.020103000104427338,0,0.04205000028014183,0.24778500199317932,0.9679020047187805,0,-0.08256299793720245,-0.9645839929580688,0.25052300095558167,0,0,31.346237182617188,0,1,0.9501420259475708,0.006792000029236078,-0.31174200773239136,0,0.20085999369621277,0.7513779997825623,0.6285589933395386,0,0.23850500583648682,-0.659837007522583,0.712552011013031,0,0,17.027231216430664,0,1,-0.9693189859390259,0.0690469965338707,-0.23590700328350067,0,-0.13014400005340576,-0.9583410024642944,0.2542549967765808,0,-0.20852400362491608,0.2771559953689575,0.9379240274429321,0,-9.818920135498047,-6.544707775115967,-0.6429870128631592,1,0.9967280030250549,-0.01783899962902069,-0.0788320004940033,0,-0.0327490009367466,0.8025509715080261,-0.5956839919090271,0,0.0738930031657219,0.5963169932365417,0.7993410229682922,0,0,39.10274124145508,0,1,0.9939799904823303,0.07355599850416183,0.0812000036239624,0,-0.10116899758577347,0.33170801401138306,0.9379420280456543,0,0.04205600172281265,-0.9405099749565125,0.33715200424194336,0,0,31.358957290649414,0,1,0.9462659955024719,0,0.32339000701904297,0,-0.2072329968214035,0.7676950097084045,0.6063809990882874,0,-0.24826599657535553,-0.640815019607544,0.7264440059661865,0,0,17.255468368530273,0,1
K0.033,0.9990699887275696,-0.03181599825620651,0.02911398932337761,0,0.03229299932718277,0.9993489980697632,-0.016057999804615974,0,-0.028583988547325134,0.016983000561594963,0.9994469881057739,0,-0.1175210103392601,83.85709381103516,0.769709050655365,1,0.9999859929084778,-0.0032339999452233315,0.004255998879671097,0,0.0034290000330656767,0.9989039897918701,-0.04668499901890755,0,-0.004100998863577843,0.04669899865984917,0.9989010095596313,0,0,11.767775535583496,-0.8589490056037903,1,0.9995999932289124,-0.0006260014488361776,0.028283998370170593,0,-0.0003269984445068985,0.9994320273399353,0.03370099887251854,0,-0.02828899770975113,-0.033695999532938004,0.9990320205688477,0,0,13.765604019165039,0,1,0.9996010065078735,0.00019699851691257209,0.028234997764229774,0,-0.001147998496890068,0.9994320273399353,0.03367000073194504,0,-0.02821199782192707,-0.033688999712467194,0.9990339875221252,0,0,15.732110023498535,0,1,0.9999600052833557,0.002794999163597822,0.008488998748362064,0,-0.0033719991333782673,0.997622013092041,0.0688449963927269,0,-0.008275998756289482,-0.06887099891901016,0.9975910186767578,0,0,17.69861602783203,0,1,0.9969090223312378,0.059467993676662445,0.05133999511599541,0,-0.06285299360752106,0.9957690238952637,0.06703802198171616,0,-0.04713599383831024,-0.07005802541971207,0.9964290261268616,0,0,5.233917236328125,1.2519899606704712,1,-0.06890600174665451,0.008957000449299812,-0.9975829720497131,0,0.9180129766464233,-0.39086300134658813,-0.0669189989566803,0,-0.3905180096626282,-0.9204049706459045,0.018711000680923462,0,6.715591907501221,15.487915992736816,-0.1722780019044876,1,0.9670199751853943,0.1200219914317131,-0.22464698553085327,0,0.09789299964904785,0.6391170024871826,0.7628539800643921,0,0.23513498902320862,-0.7596870064735413,0.6062899827957153,0,0,14.147010803222656,0,1,0.9301009774208069,0.3671570122241974,0.010406999848783016,0,-0.3673020005226135,0.9296050071716309,0.03039800003170967,0,0.0014860001392662525,-0.03209599852561951,0.9994840025901794,0,0,32.14511489868164,0,1,0.956167995929718,0.24110101163387299,-0.1661739945411682,0,-0.2352370172739029,0.9704139828681946,0.054409001022577286,0,0.1743759959936142,-0.012932999059557915,0.9845939874649048,0,0,27.665929794311523,0,1,0.9785439968109131,0.03162798285484314,-0.2035979926586151,0,0.006820018868893385,0.9826350212097168,0.18542400002479553,0,0.20592699944972992,-0.18283399939537048,0.9613350033760071,0,-3.7038679122924805,4.203558921813965,1.5616669654846191,1,0.9815980195999146,-0.15520599484443665,0.1112539991736412,0,0.1496639996767044,0.9871159791946411,0.05659100040793419,0,-0.11860399693250656,-0.038899000734090805,0.9921789765357971,0,-0.855193018913269,4.573636054992676,0,1,0.9763759970664978,0.21358899772167206,0.03271299973130226,0,-0.21151800453662872,0.975691020488739,-0.05732499808073044,0,-0.044162001460790634,0.04905199632048607,0.9978190064430237,0,0.06267700344324112,4.56171989440918,0,1,0.9675599932670593,-0.25169000029563904,-0.02192400023341179,0,0.2514530122280121,0.9509570002555847,0.1801469475030899,0,-0.024492984637618065,-0.17981493473052979,0.983394980430603,0,-2.713244915008545,10.45480728149414,-0.21860000491142273,1,0.997061014175415,-0.07362600415945053,-0.02116500400006771,0,0.07329601049423218,0.8364649415016174,0.5430960655212402,0,-0.022282004356384277,-0.5430510640144348,0.8394039273262024,0,0.038825999945402145,4.574243068695068,0,1,0.9999600052833557,-0.0089210020378232,-0.0009800002444535494,0,0.008974001742899418,0.995576024055481,0.09353101253509521,0,0.00014099992404226214,-0.09353601187467575,0.9956160187721252,0,-0.026038000360131264,4.4456939697265625,0,1,0.9592800140380859,-0.2761799991130829,-0.059220995754003525,0,0.2795199751853943,0.8980410099029541,0.339692085981369,0,-0.040633026510477066,-0.3424130976200104,0.9386699199676514,0,2.713244915008545,11.189584732055664,-0.3388580083847046,1,0.9993590116500854,-0.034338001161813736,-0.010079000145196915,0,0.03521899878978729,0.8937709927558899,0.4471389949321747,0,-0.006345000118017197,-0.4472070038318634,0.8944079875946045,0,-0.020848000422120094,4.469535827636719,0,1,0.9999780058860779,0.006576003972440958,0.0010159998200833797,0,-0.006636003963649273,0.9967049956321716,0.08084195107221603,0,-0.0004819998284801841,-0.08084695041179657,0.9967259764671326,0,-0.011682000011205673,4.152554988861084,0,1,0.07836700975894928,-0.014552999287843704,0.9968180060386658,0,-0.8972979784011841,-0.43673598766326904,0.06416700035333633,0,0.43441298604011536,-0.8994719982147217,-0.047283999621868134,0,-6.715591907501221,15.48633098602295,-0.15056400001049042,1,0.9995049834251404,0.0168440043926239,0.02656000666320324,0,-0.03131800889968872,0.6106020212173462,0.7913179993629456,0,-0.0028890010435134172,-0.7917590141296387,0.6108270287513733,0,0,14.147010803222656,0,1,0.9064019918441772,-0.4222399890422821,-0.012160000391304493,0,0.42239999771118164,0.9057459831237793,0.0346670001745224,0,-0.0036239998880773783,-0.03655799850821495,0.9993249773979187,0,0,32.14628601074219,0,1,0.9861639738082886,-0.15418200194835663,0.060899000614881516,0,0.1562110036611557,0.9872660040855408,-0.03005700372159481,0,-0.05548899620771408,0.03915400430560112,0.9976909756660461,0,0,27.66599464416504,0,1,0.9723110198974609,0.049883972853422165,0.22830498218536377,0,-0.1469389647245407,0.8901680111885071,0.4312889873981476,0,-0.1817149966955185,-0.452894002199173,0.8728500008583069,0,3.2586729526519775,4.304018020629883,1.2606860399246216,1,0.9414460062980652,0.3118880093097687,-0.12808500230312347,0,-0.3054629862308502,0.9498029947280884,0.06757400184869766,0,0.14273099601268768,-0.024491997435688972,0.9894580245018005,0,0.6218270063400269,4.3911638259887695,0,1,0.9323059916496277,-0.3611130118370056,-0.02006000280380249,0,0.3594439923763275,0.9312869906425476,-0.05919899791479111,0,0.04005900025367737,0.04798099398612976,0.998045027256012,0,0.34510698914527893,4.937984943389893,0,1,0.9788089990615845,0.2047479748725891,-0.0033080046996474266,0,-0.1915789693593979,0.9213219881057739,0.3383229374885559,0,0.07231897860765457,-0.3305199444293976,0.9410240054130554,0,2.7862589359283447,11.941570281982422,-0.219309002161026,1,0.995477020740509,0.09113600105047226,0.026826001703739166,0,-0.09101500362157822,0.8339419960975647,0.5442950129508972,0,0.027233002707362175,-0.5442749857902527,0.8384649753570557,0,-0.01982099935412407,4.232019901275635,0,1,0.9999889731407166,-0.004656998906284571,0.00008099999831756577,0,0.004657999146729708,0.9998059868812561,-0.01916099525988102,0,0.000007999959962035064,0.01916099525988102,0.9998160004615784,0,0.014708000235259533,4.001809120178223,0,1,0.9608500003814697,0.27232396602630615,0.05106198415160179,0,-0.2670389711856842,0.8610670566558838,0.43272891640663147,0,0.07387497276067734,-0.42942291498184204,0.9000770449638367,0,-2.7862589359283447,12.198205947875977,-0.5300909876823425,1,0.9982619881629944,0.05663100257515907,0.01632700115442276,0,-0.05698400363326073,0.8566790223121643,0.5126929879188538,0,0.015047001652419567,-0.512732982635498,0.8584160208702087,0,0.020383000373840332,4.341177940368652,0,1,0.999921977519989,-0.004543999210000038,-0.011599000543355942,0,0.004291999153792858,0.9997550249099731,-0.02170899324119091,0,0.011695001274347305,0.021657992154359818,0.9996970295906067,0,-0.010591999627649784,3.872765064239502,0,1,-0.9933050274848938,-0.09435699880123138,0.0666469931602478,0,0.10781800001859665,-0.964372992515564,0.24157799780368805,0,0.0414779931306839,0.24714699387550354,0.9680899977684021,0,9.818920135498047,-6.544707775115967,-0.683318018913269,1,0.9877870082855225,0.07566499710083008,0.13620300590991974,0,0.03150799870491028,0.7591009736061096,-0.6502100229263306,0,-0.15259000658988953,0.64656001329422,0.7474460005760193,0,0,39.11348342895508,0,1,0.995805025100708,-0.08913800865411758,-0.020638005807995796,0,0.04219900816679001,0.24730099737644196,0.9680190086364746,0,-0.08118300139904022,-0.9648299813270569,0.25002598762512207,0,0,31.346237182617188,0,1,0.9501209855079651,0.0070279985666275024,-0.3118019998073578,0,0.2008640021085739,0.7510079741477966,0.6290000081062317,0,0.23858700692653656,-0.660256028175354,0.71213698387146,0,0,17.027231216430664,0,1,-0.9692249894142151,0.06919100135564804,-0.23625300824642181,0,-0.13029199838638306,-0.9584349989891052,0.25382199883461,0,-0.2088710218667984,0.2767930030822754,0.9379550218582153,0,-9.818920135498047,-6.544707775115967,-0.6429870128631592,1,0.9966509938240051,-0.018459999933838844,-0.07966499775648117,0,-0.03277299925684929,0.8023660182952881,-0.5959309935569763,0,0.07492099702358246,0.5965459942817688,0.7990739941596985,0,0,39.10274124145508,0,1,0.9938910007476807,0.07359299808740616,0.08224700391292572,0,-0.10215400904417038,0.3313629925251007,0.9379569888114929,0,0.0417729951441288,-0.9406290054321289,0.33685600757598877,0,0,31.358957290649414,0,1,0.9462659955024719,0,0.32339000701904297,0,-0.2072329968214035,0.7676960229873657,0.6063809990882874,0,-0.24826599657535553,-0.6408140063285828,0.7264440059661865,0,0,17.255468368530273,0,1
K0.067,0.9991040229797363,-0.03181599825620651,0.027914011850953102,0,0.03227199986577034,0.9993510246276855,-0.016013000160455704,0,-0.0273860115557909,0.016899999231100082,0.9994819760322571,0,-0.11837499588727951,83.86321258544922,0.7766529321670532,1,0.9999859929084778,-0.0032319999299943447,0.004185000900179148,0,0.00342399999499321,0.9989039897918701,-0.04668499901890755,0,-0.004029001109302044,0.04669800028204918,0.9989010095596313,0,0,11.767775535583496,-0.8589490056037903,1,0.9996039867401123,-0.0007729985518381,0.02812100201845169,0,-0.0001720015425235033,0.9994350075721741,0.03359900042414665,0,-0.02813100256025791,-0.03359000012278557,0.9990400075912476,0,0,13.765604019165039,0,1,0.9996060132980347,0.00004900146814179607,0.02807600237429142,0,-0.000992001499980688,0.9994360208511353,0.03356799855828285,0,-0.02805900201201439,-0.03358300030231476,0.9990419745445251,0,0,15.732110023498535,0,1,0.9999610185623169,0.0027130008675158024,0.008381000719964504,0,-0.003284001024439931,0.9976230263710022,0.06882700324058533,0,-0.00817400123924017,-0.06885100156068802,0.9975929856300354,0,0,17.69861602783203,0,1,0.9969800114631653,0.05872700735926628,0.0508200041949749,0,-0.06219200789928436,0.9956390261650085,0.0695289745926857,0,-0.04651500657200813,-0.0724799782037735,0.9962850213050842,0,0,5.233917236328125,1.2519899606704712,1,-0.0688989982008934,0.008949000388383865,-0.9975829720497131,0,0.9180560111999512,-0.3907639980316162,-0.06691200286149979,0,-0.39041799306869507,-0.9204469919204712,0.01870799995958805,0,6.715591907501221,15.487915992736816,-0.1722780019044876,1,0.9673420190811157,0.11930400878190994,-0.22364401817321777,0,0.09754399955272675,0.6391509771347046,0.7628700137138367,0,0.2339550107717514,-0.7597709894180298,0.6066399812698364,0,0,14.147010803222656,0,1,0.9299100041389465,0.3676399886608124,0.01042299997061491,0,-0.3677839934825897,0.9294130206108093,0.030438000336289406,0,0.0015029999194666743,-0.032138001173734665,0.9994819760322571,0,0,32.14511489868164,0,1,0.9557999968528748,0.24273797869682312,-0.16590799391269684,0,-0.23687398433685303,0.9700070023536682,0.054572999477386475,0,0.17417800426483154,-0.012861001305282116,0.9846299886703491,0,0,27.665929794311523,0,1,0.9785109758377075,0.029726019129157066,-0.20403900742530823,0,0.00870698131620884,0.9827139973640442,0.18492600321769714,0,0.20600900053977966,-0.18272900581359863,0.9613379836082458,0,-3.7038679122924805,4.203558921813965,1.5616669654846191,1,0.9815269708633423,-0.15565699338912964,0.11124300211668015,0,0.1501079946756363,0.9870439767837524,0.056671999394893646,0,-0.11862300336360931,-0.03892600163817406,0.9921759963035583,0,-0.855193018913269,4.573636054992676,0,1,0.9764919877052307,0.21303799748420715,0.03282799944281578,0,-0.21097500622272491,0.9758250117301941,-0.05704600363969803,0,-0.044186998158693314,0.04877900332212448,0.9978320002555847,0,0.06267700344324112,4.56171989440918,0,1,0.9675499796867371,-0.2517220079898834,-0.02197200059890747,0,0.2516309916973114,0.9519749879837036,0.17443005740642548,0,-0.022991014644503593,-0.17429906129837036,0.9844239950180054,0,-2.713244915008545,10.45480728149414,-0.21860000491142273,1,0.9970059990882874,-0.07423899322748184,-0.021613996475934982,0,0.07389999181032181,0.8326670527458191,0.5488209128379822,0,-0.022746996954083443,-0.5487749576568604,0.8356610536575317,0,0.038825999945402145,4.574243068695068,0,1,0.9999579787254333,-0.009078998118638992,-0.001000999822281301,0,0.009132998064160347,0.9954389929771423,0.09496098756790161,0,0.00013400007446762174,-0.09496598690748215,0.995481014251709,0,-0.026038000360131264,4.4456939697265625,0,1,0.9597259759902954,-0.27472200989723206,-0.05876300483942032,0,0.2775910198688507,0.8951370120048523,0.34881791472435,0,-0.043226972222328186,-0.35108092427253723,0.9353470802307129,0,2.713244915008545,11.189584732055664,-0.3388580083847046,1,0.999360978603363,-0.034304000437259674,-0.010060999542474747,0,0.03518399968743324,0.8939819931983948,0.4467189908027649,0,-0.0063299997709691525,-0.4467869997024536,0.8946179747581482,0,-0.020848000422120094,4.469535827636719,0,1,0.9999750256538391,0.006983995903283358,0.0009970002574846148,0,-0.007039995864033699,0.9970899820327759,0.07590804994106293,0,-0.0004640001861844212,-0.07591405510902405,0.9971140027046204,0,-0.011682000011205673,4.152554988861084,0,1,0.0787539929151535,-0.01443800050765276,0.9967899918556213,0,-0.8969680070877075,-0.4373599886894226,0.06453300267457962,0,0.4350239932537079,-0.899170994758606,-0.04739399999380112,0,-6.715591907501221,15.48633098602295,-0.15056400001049042,1,0.9994789958000183,0.017277996987104416,0.027247993275523186,0,-0.032125990837812424,0.610912024974823,0.7910469770431519,0,-0.002977999160066247,-0.7915099859237671,0.61114901304245,0,0,14.147010803222656,0,1,0.9064019918441772,-0.4222399890422821,-0.012160000391304493,0,0.42239999771118164,0.9057459831237793,0.03466600179672241,0,-0.0036239998880773783,-0.03655799850821495,0.9993249773979187,0,0,32.14628601074219,0,1,0.9861630201339722,-0.1542530059814453,0.06072999909520149,0,0.15629799664020538,0.9872400164604187,-0.030476996675133705,0,-0.0552540048956871,0.03954699635505676,0.9976890087127686,0,0,27.66599464416504,0,1,0.972707986831665,0.047422025352716446,0.2271370142698288,0,-0.14406003057956696,0.8908020257949829,0.43095099925994873,0,-0.18189699947834015,-0.45191100239753723,0.873320996761322,0,3.2586729526519775,4.304018020629883,1.2606860399246216,1,0.9410799741744995,0.3130050003528595,-0.128044992685318,0,-0.30659401416778564,0.9494400024414062,0.06755699962377548,0,0.14271700382232666,-0.02431800216436386,0.9894649982452393,0,0.6218270063400269,4.3911638259887695,0,1,0.9328050017356873,-0.3598029911518097,-0.020388996228575706,0,0.3581419885158539,0.9318220019340515,-0.05866100266575813,0,0.040105998516082764,0.04741700738668442,0.9980700016021729,0,0.34510698914527893,4.937984943389893,0,1,0.9794359803199768,0.20172002911567688,-0.0037699954118579626,0,-0.18907003104686737,0.9242169857025146,0.33177706599235535,0,0.07041002064943314,-0.3242420554161072,0.9433500170707703,0,2.7862589359283447,11.941570281982422,-0.219309002161026,1,0.9954370260238647,0.09149900078773499,0.02707599848508835,0,-0.09137699753046036,0.8323270082473755,0.5467010140419006,0,0.02748599834740162,-0.5466809868812561,0.8368899822235107,0,-0.01982099935412407,4.232019901275635,0,1,0.9999899864196777,-0.004560000728815794,0.00008099999831756577,0,0.004560000728815794,0.9998180270195007,-0.01852300576865673,0,0.000004000039552920498,0.018524006009101868,0.9998279809951782,0,0.014708000235259533,4.001809120178223,0,1,0.9618139863014221,0.2691650390625,0.049648016691207886,0,-0.26438403129577637,0.8667069673538208,0.4229891002178192,0,0.0708240270614624,-0.4199630916118622,0.9047739505767822,0,-2.7862589359283447,12.198205947875977,-0.5300909876823425,1,0.9982439875602722,0.05690399557352066,0.016482997685670853,0,-0.05726099759340286,0.8553550243377686,0.514868974685669,0,0.015198998153209686,-0.5149080157279968,0.8571109771728516,0,0.020383000373840332,4.341177940368652,0,1,0.999921977519989,-0.004456000868231058,-0.011657998897135258,0,0.004210000857710838,0.9997689723968506,-0.021053006872534752,0,0.01174899935722351,0.021003006026148796,0.9997100234031677,0,-0.010591999627649784,3.872765064239502,0,1,-0.9933339953422546,-0.0945969969034195,0.06587700545787811,0,0.10785999894142151,-0.9643679857254028,0.24157999455928802,0,0.04067700728774071,0.24707500636577606,0.9681419730186462,0,9.818920135498047,-6.544707775115967,-0.683318018913269,1,0.9878119826316833,0.07542599737644196,0.13615700602531433,0,0.031530000269412994,0.7596510052680969,-0.6495659947395325,0,-0.15242600440979004,0.645941972732544,0.748013973236084,0,0,39.11348342895508,0,1,0.9957510232925415,-0.08961999416351318,-0.021170994266867638,0,0.04288599267601967,0.24786600470542908,0.9678450226783752,0,-0.08149000257253647,-0.9646400213241577,0.25065600872039795,0,0,31.346237182617188,0,1,0.9501349925994873,0.006869001314043999,-0.3117620050907135,0,0.20086100697517395,0.7512570023536682,0.6287029981613159,0,0.23853200674057007,-0.6599739789962769,0.7124159932136536,0,0,17.027231216430664,0,1,-0.9688270092010498,0.06919600069522858,-0.2378779798746109,0,-0.1306390017271042,-0.9585430026054382,0.25323599576950073,0,-0.21049298346042633,0.2764190137386322,0.9377020001411438,0,-9.818920135498047,-6.544707775115967,-0.6429870128631592,1,0.9966440200805664,-0.01841600053012371,-0.07976199686527252,0,-0.03282700106501579,0.8026769757270813,-0.5955100059509277,0,0.07498999685049057,0.5961300134658813,0.799377977848053,0,0,39.10274124145508,0,1,0.9938600063323975,0.07333599776029587,0.08284899592399597,0,-0.10263799130916595,0.3314270079135895,0.9378820061683655,0,0.0413220040500164,-0.9406269788742065,0.33691900968551636,0,0,31.358957290649414,0,1,0.9462659955024719,0,0.32339000701904297,0,-0.2072329968214035,0.7676969766616821,0.606378972530365,0,-0.24826499819755554,-0.6408119797706604,0.7264459729194641,0,0,17.255468368530273,0,1
