1.167,30,35,49
B0,mixamorig_Hips,-1,0.9993825554847717,-0.029850846156477928,0.018522556871175766,0,0.035021234303712845,0.8882203102111816,-0.4580807387828827,0,-0.0027775901835411787,0.4584466218948364,0.8887174129486084,0,0.8437395691871643,56.81686782836914,-22.014680862426758,1
B1,mixamorig_Spine,0,0.9993718862533569,0.03263622149825096,0.013812118209898472,0,-0.03524262458086014,0.8742659091949463,0.48416632413864136,0,0.003725437680259347,-0.4843488037586212,0.8748668432235718,0,0,10.717056274414062,-0.8223620057106018,1
B2,mixamorig_Spine1,1,0.9998856782913208,0.014491187408566475,0.004252902697771788,0,-0.014540734700858593,0.9998221397399902,0.011975967325270176,0,-0.00407880824059248,-0.012035893276333809,0.9999193549156189,0,0,12.53999137878418,0,1
B3,mixamorig_Spine2,2,0.9998856782913208,0.014721585437655449,0.0033602144103497267,0,-0.01476103812456131,0.9998191595077515,0.011999703012406826,0,-0.0031835725530982018,-0.012047534808516502,0.9999223351478577,0,0,14.331419944763184,0,1
B4,mixamorig_Neck,3,0.9994729161262512,-0.030520621687173843,-0.011042394675314426,0,0.03244425356388092,0.9489646553993225,0.3137093484401703,0,0.0009043769096024334,-0.3139021098613739,0.9494550824165344,0,0,16.122835159301758,-9.999999974752427e-7,1
B5,mixamorig_Head,4,0.9992730021476746,-0.03586534783244133,-0.012917783111333847,0,0.026606878265738487,0.8988713622093201,-0.4374038577079773,0,0.027299538254737854,0.43674248456954956,0.8991718888282776,0,0,3.7414090633392334,0.8067240118980408,1
B6,mixamorig_HeadTop_End,5,1,0,0,0,0,1,0,0,0,0,1,0,0,37.59962463378906,8.107237815856934,1
B7,mixamorig_LeftShoulder,3,-0.12798410654067993,0.00029096583602949977,-0.9917758703231812,0,0.937570333480835,-0.3260316252708435,-0.12108433991670609,0,-0.3233853578567505,-0.9453575015068054,0.0414559431374073,0,7.416264057159424,14.032586097717285,-0.19484899938106537,1
B8,mixamorig_LeftArm,7,0.7183205485343933,0.47248271107673645,-0.5106613039970398,0,0.05016409605741501,0.6969262957572937,0.7153857946395874,0,0.693901002407074,-0.5394936800003052,0.4769139885902405,0,0,14.94791030883789,0,1
B9,mixamorig_LeftForeArm,8,0.20462054014205933,0.9761399030685425,0.07266951352357864,0,-0.9767948985099792,0.19883090257644653,0.07961228489875793,0,0.0632641538977623,-0.08727328479290009,0.9941733479499817,0,0,30.792171478271484,0,1
B10,mixamorig_LeftHand,9,0.725733757019043,0.2967311143875122,-0.6206941604614258,0,-0.5539332628250122,0.7870838046073914,-0.2713986337184906,0,0.4080052077770233,0.5407867431640625,0.7355824112892151,0,0,27.81073570251465,0,1
B11,mixamorig_LeftHandThumb1,10,0.9413089752197266,0.2198815494775772,-0.2561059892177582,0,-0.041622549295425415,0.8285459876060486,0.5583715438842773,0,0.33497101068496704,-0.5149400234222412,0.7890700101852417,0,-3.4057059288024902,3.9013888835906982,1.428406000137329,1
B12,mixamorig_LeftHandThumb2,11,0.9952260255813599,-0.09480900317430496,0.02317800000309944,0,0.0942320004105568,0.9952409863471985,0.024814000353217125,0,-0.025420453399419785,-0.02251099981367588,0.9994230270385742,0,-0.7919420003890991,4.224130153656006,0,1
B13,mixamorig_LeftHandThumb3,12,0.9769619703292847,0.21076355874538422,0.033532001078128815,0,-0.20861199498176575,0.9762610197067261,-0.05827699974179268,0,-0.0450190007686615,0.049938999116420746,0.9977369904518127,0,-0.12183400243520737,4.7823967933654785,0,1
B14,mixamorig_LeftHandThumb4,13,1,0,0,0,0,1,0,0,0,0,1,0,0.9137759804725647,3.277254104614258,0,1
B15,mixamorig_LeftHandIndex1,10,0.9655420184135437,-0.2583020031452179,-0.031769998371601105,0,0.25878700613975525,0.965857982635498,0.012179999612271786,0,0.027538999915122986,-0.019982000812888145,0.9994210004806519,0,-3.0084779262542725,10.882960319519043,-0.3040040135383606,1
B16,mixamorig_LeftHandIndex2,15,0.9999849796295166,-0.005454452708363533,-0.00008900000102585182,0,0.005453452467918396,0.999176025390625,0.04021799936890602,0,-0.00013099999341648072,-0.04021799936890602,0.9991909861564636,0,0.0039610001258552074,4.106675148010254,0,1
B17,mixamorig_LeftHandIndex3,16,0.9999960064888,0.0027340000960975885,0.000007999999979801942,0,-0.0027340000960975885,0.9997940063476562,0.020113453269004822,0,0.0000470000013592653,-0.02011300064623356,0.9997979998588562,0,-0.00892299972474575,4.17043399810791,0,1
B18,mixamorig_LeftHandIndex4,17,1,0,0,0,0,1,0,0,0,0,1,0,0.00496200006455183,2.817439079284668,0,1
B19,mixamorig_LeftHandMiddle1,10,0.9670680165290833,-0.2530899941921234,-0.026937000453472137,0,0.253477543592453,0.9672660231590271,0.0120430001989007,0,0.023006999865174294,-0.018473999574780464,0.9995650053024292,0,3.0084779262542725,11.289527893066406,-0.15886899828910828,1
B20,mixamorig_LeftHandMiddle2,19,0.9998390078544617,-0.017932452261447906,-0.0003420000139158219,0,0.017931999638676643,0.9990190267562866,0.04048554599285126,0,-0.00038400001358240843,-0.04048499837517738,0.999180018901825,0,0.027370000258088112,4.2525248527526855,0,1
B21,mixamorig_LeftHandMiddle3,20,0.9999459981918335,0.010430452413856983,-0.00040499999886378646,0,-0.010420000180602074,0.9997429847717285,0.02010899968445301,0,0.0006144527578726411,-0.020104000344872475,0.9997979998588562,0,-0.03482799977064133,3.8929150104522705,0,1
B22,mixamorig_LeftHandMiddle4,21,1,0,0,0,0,1,0,0,0,0,1,0,0.007459000218659639,2.7232000827789307,0,1
B23,mixamorig_RightShoulder,3,-0.0020345558878034353,-0.02083912305533886,0.9997806549072266,0,-0.9349749684333801,-0.35458335280418396,-0.009293265640735626,0,0.3546993136405945,-0.9347885847091675,-0.0187615305185318,0,-7.416264057159424,14.027329444885254,-0.12634199857711792,1
B24,mixamorig_RightArm,23,0.9212684631347656,-0.12777605652809143,0.36733725666999817,0,-0.20780648291110992,0.6366468071937561,0.7426247000694275,0,-0.32875603437423706,-0.7604925036430359,0.559969961643219,0,0,14.94791030883789,0,1
B25,mixamorig_RightForeArm,24,0.07772907614707947,-0.9937270283699036,-0.08040239661931992,0,0.9944095015525818,0.07149571180343628,0.07770635932683945,0,-0.07147020101547241,-0.08599335700273514,0.9937286376953125,0,0,30.792724609375,0,1
B26,mixamorig_RightHand,25,0.7981453537940979,-0.23196743428707123,0.5560163259506226,0,0.329009085893631,0.9409551620483398,-0.07972147315740585,0,-0.5046942234039307,0.2465635985136032,0.8273390531539917,0,0,27.812122344970703,0,1
B27,mixamorig_RightHandThumb1,26,0.9325670003890991,-0.16652899980545044,0.32029300928115845,0,-0.0427899993956089,0.8299959897994995,0.5561255216598511,0,-0.35845300555229187,-0.5323295593261719,0.7669010162353516,0,3.541306972503662,4.197053909301758,1.4846229553222656,1
B28,mixamorig_RightHandThumb2,27,0.9827899932861328,0.047726549208164215,0.17845499515533447,0,-0.09500599652528763,0.9590799808502197,0.26671844720840454,0,-0.15842300653457642,-0.27908244729042053,0.9471089839935303,0,0.9701060056686401,4.446281909942627,0,1
B29,mixamorig_RightHandThumb3,28,0.9860690236091614,-0.16531099379062653,0.018436452373862267,0,0.16310599446296692,0.9827010035514832,0.08772599697113037,0,-0.03262000158429146,-0.08349700272083282,0.9959740042686462,0,-0.11242000013589859,4.655807971954346,0,1
B30,mixamorig_RightHandThumb4,29,1,0,0,0,0,1,0,0,0,0,1,0,-0.8576859831809998,3.1444180011749268,0,1
B31,mixamorig_RightHandIndex1,26,0.9769350290298462,0.21293500065803528,0.01601099967956543,0,-0.2131119966506958,0.9769740104675293,0.010276000015437603,0,-0.01345400046557188,-0.013451547361910343,0.9998189806938171,0,2.431562900543213,11.490638732910156,-0.20823100209236145,1
B32,mixamorig_RightHandIndex2,31,0.9999039769172668,0.013864000327885151,0.0002809999859891832,0,-0.013864999637007713,0.9993169903755188,0.03425600007176399,0,0.0001939999929163605,-0.03425699844956398,0.999413013458252,0,-0.018022000789642334,3.936624050140381,0,1
B33,mixamorig_RightHandIndex3,32,1,0.000018000000636675395,0.00014445272972807288,0,-0.000020547284293570556,0.9998530149459839,0.017131000757217407,0,-0.00014400000509340316,-0.017131000757217407,0.9998530149459839,0,0.015630999580025673,4.24350118637085,0,1
B34,mixamorig_RightHandIndex4,33,1,0,0,0,0,1,0,0,0,0,1,0,0.002391000045463443,2.706418037414551,0,1
B35,mixamorig_RightHandMiddle1,26,0.9749330282211304,0.21917399764060974,0.038311999291181564,0,-0.21970300376415253,0.9755139946937561,0.010119999758899212,0,-0.03515600040555,-0.018283000215888023,0.9992150068283081,0,-2.431562900543213,11.443589210510254,-0.5266129970550537,1
B36,mixamorig_RightHandMiddle2,35,1,0.00021600000036414713,-0.00002099999983329326,0,-0.00021499999274965376,0.999409019947052,0.03437399864196777,0,0.000028000000384054147,-0.03437399864196777,0.999409019947052,0,0.009308000095188618,4.263595104217529,0,1
B37,mixamorig_RightHandMiddle3,36,0.999987006187439,0.005009000189602375,0.00008600000001024455,0,-0.005009999964386225,0.9998400211334229,0.017189547419548035,0,0,-0.017190000042319298,0.9998520016670227,0,-0.009579000063240528,3.8998448848724365,0,1
B38,mixamorig_RightHandMiddle4,37,1,0,0,0,0,1,0,0,0,0,1,0,0.00027099999715574086,2.5014679431915283,0,1
B39,mixamorig_LeftUpLeg,0,-0.9894654154777527,0.011680025607347488,0.14429016411304474,0,0.11477403342723846,-0.5441211462020874,0.8311126232147217,0,0.0882224515080452,0.8389196991920471,0.5370484590530396,0,10.021597862243652,-5.935707092285156,-1.0361789464950562,1
B40,mixamorig_LeftLeg,39,0.9973468780517578,0.006038957741111517,-0.07252922654151917,0,-0.07246960699558258,-0.009631272405385971,-0.997323215007782,0,-0.006721066776663065,0.9999348521232605,-0.009167508222162724,0,0,40.93000030517578,0,1
B41,mixamorig_LeftFoot,40,0.9965025782585144,0.03620662912726402,-0.07515182346105576,0,0.048072103410959244,0.48756909370422363,0.8716853857040405,0,0.0682278424501419,-0.8722484111785889,0.48413223028182983,0,0,35.080074310302734,0,1
B42,mixamorig_LeftToeBase,41,0.9967234134674072,-0.0098037701100111,0.08023223280906677,0,-0.032636601477861404,0.8590267896652222,0.5107793211936951,0,-0.07393722981214523,-0.511725902557373,0.855890691280365,0,0,17.44261932373047,0,1
B43,mixamorig_LeftToe_End,42,1,0,0,0,0,1,0,0,0,0,1,0,0,8.004338264465332,0,1
B44,mixamorig_RightUpLeg,0,-0.9550439715385437,-0.028822334483265877,-0.2950555384159088,0,-0.22444678843021393,-0.5798877477645874,0.7831583023071289,0,-0.1936759650707245,0.8141767382621765,0.5473472476005554,0,-10.021597862243652,-5.935707092285156,-0.8095359802246094,1
B45,mixamorig_RightLeg,44,0.9997732043266296,-0.01554932538419962,0.01446784008294344,0,0.013606392778456211,-0.0540592186152935,-0.9984440803527832,0,0.016307642683386803,0.9984143972396851,-0.05383611097931862,0,0,40.944435119628906,0,1
B46,mixamorig_RightFoot,45,0.9821516871452332,-0.17518238723278046,0.06842763721942902,0,0.001866652281023562,0.3729873597621918,0.9277596473693848,0,-0.18807128071784973,-0.9110704660415649,0.36665990948677063,0,0,35.077667236328125,0,1
B47,mixamorig_RightToeBase,46,0.9974502325057983,0.0023882631212472916,-0.07132134586572647,0,0.034106239676475525,0.8619184494018555,0.5058656930923462,0,0.06268447637557983,-0.5070087313652039,0.8596391081809998,0,0,17.25095558166504,-9.999999974752427e-7,1
B48,mixamorig_RightToe_End,47,1,0,0,0,0,1,0,0,0,0,1,0,0,7.930048942565918,0,1
@40,0,1,2,3,4,5,7,8,9,10,11,12,13,15,16,17,19,20,21,23,24,25,26,27,28,29,31,32,33,35,36,37,39,40,41,42,44,45,46,47
K0.000,0.9993150234222412,-0.029139000922441483,0.022825999185442924,0,0.036316998302936554,0.8910390138626099,-0.452470988035202,0,-0.007153999991714954,0.45298999547958374,0.8914870023727417,0,0.7952449917793274,56.8341064453125,-21.843181610107422,1,0.9996060132980347,0.026643000543117523,0.008798999711871147,0,-0.02761399932205677,0.878525972366333,0.4768959879875183,0,0.0049760001711547375,-0.476951003074646,0.8789160251617432,0,0,10.717056274414062,-0.8223620057106018,1,0.9997379779815674,0.02229199931025505,0.005235999822616577,0,-0.022406000643968582,0.9994860291481018,0.022942999377846718,0,-0.004722000099718571,-0.023053999990224838,0.9997230172157288,0,0,12.53999137878418,0,1,0.9997379779815674,0.022538000717759132,0.0038880000356584787,0,-0.022621000185608864,0.9994800090789795,0.022998999804258347,0,-0.0033680000342428684,-0.02308100089430809,0.9997280240058899,0,0,14.331419944763184,0,1,0.9994040131568909,-0.0327409990131855,-0.01093399990350008,0,0.03451700136065483,0.9501190185546875,0.30997100472450256,0,0.00023999999393709004,-0.3101640045642853,0.9506829977035522,0,0,16.122835159301758,0,1,0.9995890259742737,-0.027543000876903534,-0.00797600019723177,0,0.021060999482870102,0.8939639925956726,-0.4476430118083954,0,0.019460000097751617,0.44729098677635193,0.8941770195960999,0,0,3.7414090633392334,0.8067240118980408,1,-0.13009099662303925,0.0009040000149980187,-0.9915019869804382,0,0.9344469904899597,-0.33421701192855835,-0.12291000038385391,0,-0.3314880132675171,-0.9424960017204285,0.04263399913907051,0,7.416264057159424,14.032586097717285,-0.19484899938106537,1,0.726967990398407,0.4733709990978241,-0.4974310100078583,0,0.04067400097846985,0.693452000617981,0.719353973865509,0,0.6854659914970398,-0.5431789755821228,0.4848639965057373,0,0,14.94791030883789,0,1,0.20605599880218506,0.9758470058441162,0.07255200296640396,0,-0.9765009880065918,0.20027700066566467,0.07958900183439255,0,0.06313599646091461,-0.08724699914455414,0.9941840171813965,0,0,30.792171478271484,0,1,0.7120540142059326,0.3017590045928955,-0.6339719891548157,0,-0.5648159980773926,0.7825539708137512,-0.26190000772476196,0,0.41708600521087646,0.5445650219917297,0.7276600003242493,0,0,27.81073570251465,0,1,0.9413099884986877,0.21987499296665192,-0.2561050057411194,0,-0.041620999574661255,0.8285509943962097,0.5583639740943909,0,0.3349669873714447,-0.5149350166320801,0.7890750169754028,0,-3.4057059288024902,3.9013888835906982,1.428406000137329,1,0.9952260255813599,-0.0948060005903244,0.02317800000309944,0,0.09423000365495682,0.9952409863471985,0.024814000353217125,0,-0.02542000077664852,-0.022512000054121017,0.9994230270385742,0,-0.7919420003890991,4.224130153656006,0,1,0.9769619703292847,0.21076500415802002,0.033532001078128815,0,-0.20861299335956573,0.9762600064277649,-0.05827699974179268,0,-0.0450190007686615,0.049938999116420746,0.9977369904518127,0,-0.12183400243520737,4.7823967933654785,0,1,0.9655420184135437,-0.2583020031452179,-0.031769998371601105,0,0.25878700613975525,0.965857982635498,0.012179000303149223,0,0.027538999915122986,-0.01998100057244301,0.9994210004806519,0,-3.0084779262542725,10.882960319519043,-0.3040040135383606,1,0.9999849796295166,-0.00545499986037612,-0.00008900000102585182,0,0.00545400008559227,0.999176025390625,0.04021700099110603,0,-0.00013099999341648072,-0.04021700099110603,0.9991909861564636,0,0.0039610001258552074,4.106675148010254,0,1,0.9999960064888,0.002735000103712082,0.000007999999979801942,0,-0.0027340000960975885,0.9997940063476562,0.02011300064623356,0,0.0000470000013592653,-0.02011300064623356,0.9997979998588562,0,-0.00892299972474575,4.17043399810791,0,1,0.9670680165290833,-0.2530899941921234,-0.026937000453472137,0,0.2534779906272888,0.9672660231590271,0.012041999958455563,0,0.02300800010561943,-0.018472999334335327,0.9995650053024292,0,3.0084779262542725,11.289527893066406,-0.15886899828910828,1,0.9998390078544617,-0.01793299987912178,-0.0003420000139158219,0,0.017931999638676643,0.9990190267562866,0.040483999997377396,0,-0.00038400001358240843,-0.040483999997377396,0.999180018901825,0,0.027370000258088112,4.2525248527526855,0,1,0.9999459981918335,0.010431000031530857,-0.00040499999886378646,0,-0.010420000180602074,0.9997439980506897,0.020107999444007874,0,0.0006150000263005495,-0.020103000104427338,0.9997979998588562,0,-0.03482799977064133,3.8929150104522705,0,1,0.0012959999730810523,-0.0206300001591444,0.9997860193252563,0,-0.9392480254173279,-0.343189001083374,-0.0058639999479055405,0,0.3432370126247406,-0.9390400052070618,-0.01982099935412407,0,-7.416264057159424,14.027329444885254,-0.12634199857711792,1,0.9260939955711365,-0.1248520016670227,0.3560369908809662,0,-0.2018200010061264,0.6333739757537842,0.747065007686615,0,-0.3187769949436188,-0.7637069821357727,0.5613660216331482,0,0,14.94791030883789,0,1,0.07127100229263306,-0.9941700100898743,-0.08090800046920776,0,0.9948530197143555,0.0649930015206337,0.07774099707603455,0,-0.07203000038862228,-0.08603200316429138,0.9936850070953369,0,0,30.792724609375,0,1,0.7958359718322754,-0.23259499669075012,0.5590569972991943,0,0.3322109878063202,0.9396359920501709,-0.08197899907827377,0,-0.5062419772148132,0.25096699595451355,0.8250669836997986,0,0,27.812122344970703,0,1,0.9325680136680603,-0.1665250062942505,0.3202899992465973,0,-0.042789001017808914,0.8300009965896606,0.5561190247535706,0,-0.3584490120410919,-0.5323240160942078,0.7669069766998291,0,3.541306972503662,4.197053909301758,1.4846229553222656,1,0.982791006565094,0.047724999487400055,0.17844900488853455,0,-0.09500099718570709,0.9590820074081421,0.2667129933834076,0,-0.15841799974441528,-0.2790760099887848,0.9471120238304138,0,0.9701060056686401,4.446281909942627,0,1,0.9860690236091614,-0.1653130054473877,0.018434999510645866,0,0.1631080061197281,0.9827010035514832,0.08772200345993042,0,-0.032618001103401184,-0.08349300175905228,0.9959740042686462,0,-0.11242000013589859,4.655807971954346,0,1,0.9769350290298462,0.2129340022802353,0.01601099967956543,0,-0.2131109982728958,0.9769740104675293,0.010274999774992466,0,-0.013454999774694443,-0.013450000435113907,0.9998189806938171,0,2.431562900543213,11.490638732910156,-0.20823100209236145,1,0.9999039769172668,0.013864000327885151,0.0002809999859891832,0,-0.013864999637007713,0.9993169903755188,0.034255001693964005,0,0.0001939999929163605,-0.03425600007176399,0.999413013458252,0,-0.018022000789642334,3.936624050140381,0,1,1,0.000018000000636675395,0.00014400000509340316,0,-0.000019999999494757503,0.9998530149459839,0.017131000757217407,0,-0.00014400000509340316,-0.017131000757217407,0.9998530149459839,0,0.015630999580025673,4.24350118637085,0,1,0.9749330282211304,0.21917399764060974,0.038311999291181564,0,-0.21970200538635254,0.9755150079727173,0.010118000209331512,0,-0.03515600040555,-0.01828099973499775,0.9992150068283081,0,-2.431562900543213,11.443589210510254,-0.5266129970550537,1,1,0.00021600000036414713,-0.00002099999983329326,0,-0.00021499999274965376,0.999409019947052,0.034373000264167786,0,0.000028000000384054147,-0.034373000264167786,0.999409019947052,0,0.009308000095188618,4.263595104217529,0,1,0.999987006187439,0.005009000189602375,0.00008600000001024455,0,-0.005009999964386225,0.9998400211334229,0.01718899980187416,0,0,-0.017190000042319298,0.9998520016670227,0,-0.009579000063240528,3.8998448848724365,0,1,-0.9901869893074036,0.00032500000088475645,0.1397469937801361,0,0.11754299700260162,-0.538923978805542,0.8341130018234253,0,0.07558400183916092,0.8423539996147156,0.533598005771637,0,10.021597862243652,-5.935707092285156,-1.0361789464950562,1,0.9980999827384949,0.0074339997954666615,-0.06116500124335289,0,-0.06105300039052963,-0.014510000124573708,-0.9980289936065674,0,-0.008306999690830708,0.9998670220375061,-0.014028999954462051,0,0,40.93000030517578,0,1,0.996442973613739,0.03835200145840645,-0.07503599673509598,0,0.04724299907684326,0.4831019937992096,0.874288022518158,0,0.06978099793195724,-0.8747239708900452,0.47957199811935425,0,0,35.080074310302734,0,1,0.9963909983634949,-0.012059000320732594,0.08401600271463394,0,-0.0324769988656044,0.8603579998016357,0.508653998374939,0,-0.07841700315475464,-0.5095469951629639,0.8568620085716248,0,0,17.44261932373047,0,1,-0.9566640257835388,-0.028752999380230904,-0.2897700071334839,0,-0.2212280035018921,-0.575298011302948,0.7874580025672913,0,-0.18934600055217743,0.8174390196800232,0.5440059900283813,0,-10.021597862243652,-5.935707092285156,-0.8095359802246094,1,0.9998660087585449,-0.00750300008803606,0.014569000340998173,0,0.014134000055491924,-0.05510199815034866,-0.9983810186386108,0,0.008293000049889088,0.9984530210494995,-0.05498899891972542,0,0,40.944435119628906,0,1,0.984919011592865,-0.1584170013666153,0.06955400109291077,0,-0.0045529999770224094,0.37814199924468994,0.9257360100746155,0,-0.1729539930820465,-0.9120919704437256,0.37171798944473267,0,0,35.077667236328125,0,1,0.99754399061203,0.003191000083461404,-0.06996399909257889,0,0.03388100117444992,0.8523060083389282,0.5219449996948242,0,0.0612960010766983,-0.5230339765548706,0.8501049876213074,0,0,17.25095558166504,0,1
K0.033,0.999284029006958,-0.030098004266619682,0.022921990603208542,0,0.03721100091934204,0.8912460207939148,-0.451992005109787,0,-0.006824989803135395,0.4525209963321686,0.8917269706726074,0,0.7932900786399841,56.837623596191406,-21.779521942138672,1,0.9995070099830627,0.029798023402690887,0.009910008870065212,0,-0.030914025381207466,0.8782050013542175,0.4772840142250061,0,0.0055190036073327065,-0.4773550033569336,0.8786929845809937,0,0,10.717056274414062,-0.8223620057106018,1,0.9998279809951782,0.018018970265984535,0.004432994872331619,0,-0.01810496859252453,0.9996340274810791,0.020099978893995285,0,-0.004069995600730181,-0.020176976919174194,0.9997879862785339,0,0,12.53999137878418,0,1,0.9998279809951782,0.01823296770453453,0.0033529966603964567,0,-0.018296968191862106,0.9996299743652344,0.02013697847723961,0,-0.0029839975759387016,-0.020194977521896362,0.9997919797897339,0,0,14.331419944763184,0,1,0.9994800090789795,-0.03058498539030552,-0.010191995650529861,0,0.032237984240055084,0.9497060179710388,0.31147798895835876,0,0.00015299995720852166,-0.3116450011730194,0.9501990079879761,0,0,16.122835159301758,0,1,0.9995179772377014,-0.029988018795847893,-0.008004004135727882,0,0.023328015580773354,0.8959220051765442,-0.4435969591140747,0,0.02047301083803177,0.44319698214530945,0.8961899876594543,0,0,3.7414090633392334,0.8067240118980408,1,-0.12651997804641724,0.0005289976252242923,-0.9919639825820923,0,0.9372649788856506,-0.3274179697036743,-0.11971797794103622,0,-0.32485097646713257,-0.9448789954185486,0.04092898964881897,0,7.416264057159424,14.032586097717285,-0.19484899938106537,1,0.7257519960403442,0.4731369912624359,-0.4994250237941742,0,0.04430502653121948,0.6923030018806458,0.7202460169792175,0,0.6865280270576477,-0.5448470115661621,0.4814779758453369,0,0,14.94791030883789,0,1,0.20663399994373322,0.9757279753684998,0.07250600308179855,0,-0.9763820171356201,0.20085899531841278,0.07957900315523148,0,0.06308399885892868,-0.08723700046539307,0.9941880106925964,0,0,30.792171478271484,0,1,0.7147380113601685,0.3009600043296814,-0.6313260197639465,0,-0.5629169940948486,0.7832480072975159,-0.2639080286026001,0,0.415058970451355,0.5440089702606201,0.7292330265045166,0,0,27.81073570251465,0,1,0.9413160085678101,0.21985499560832977,-0.2561019957065582,0,-0.04161600023508072,0.8285700082778931,0.5583369731903076,0,0.3349519968032837,-0.514913022518158,0.7890949845314026,0,-3.4057059288024902,3.9013888835906982,1.428406000137329,1,0.9952269792556763,-0.09479500353336334,0.023176999762654305,0,0.09421800076961517,0.9952419996261597,0.0248160008341074,0,-0.025419000536203384,-0.022513000294566154,0.9994230270385742,0,-0.7919420003890991,4.224130153656006,0,1,0.9769600033760071,0.21077099442481995,0.033532001078128815,0,-0.20861999690532684,0.9762589931488037,-0.058274999260902405,0,-0.04501799866557121,0.04993699863553047,0.9977369904518127,0,-0.12183400243520737,4.7823967933654785,0,1,0.9655420184135437,-0.2583020031452179,-0.031769998371601105,0,0.25878700613975525,0.965857982635498,0.01217699982225895,0,0.027540000155568123,-0.019979000091552734,0.9994210004806519,0,-3.0084779262542725,10.882960319519043,-0.3040040135383606,1,0.9999849796295166,-0.00545499986037612,-0.00008900000102585182,0,0.00545400008559227,0.999176025390625,0.0402120016515255,0,-0.00013099999341648072,-0.0402120016515255,0.9991909861564636,0,0.0039610001258552074,4.106675148010254,0,1,0.9999960064888,0.0027340000960975885,0.000007999999979801942,0,-0.0027340000960975885,0.9997940063476562,0.020111000165343285,0,0.0000470000013592653,-0.020111000165343285,0.9997979998588562,0,-0.00892299972474575,4.17043399810791,0,1,0.9670680165290833,-0.2530899941921234,-0.026937000453472137,0,0.25347700715065,0.9672660231590271,0.012039000168442726,0,0.023009000346064568,-0.018471000716090202,0.9995650053024292,0,3.0084779262542725,11.289527893066406,-0.15886899828910828,1,0.9998390078544617,-0.017931999638676643,-0.0003420000139158219,0,0.017931999638676643,0.9990190267562866,0.04047999903559685,0,-0.00038400001358240843,-0.04047900065779686,0.999180018901825,0,0.027370000258088112,4.2525248527526855,0,1,0.9999459981918335,0.010431000031530857,-0.00040499999886378646,0,-0.010420000180602074,0.9997439980506897,0.02010600082576275,0,0.0006140000186860561,-0.020100999623537064,0.9997979998588562,0,-0.03482799977064133,3.8929150104522705,0,1,-0.0014110179618000984,-0.02076900191605091,0.9997829794883728,0,-0.9354900121688843,-0.3532460629940033,-0.00865801889449358,0,0.35334905982017517,-0.9352999925613403,-0.018930993974208832,0,-7.416264057159424,14.027329444885254,-0.12634199857711792,1,0.9239699840545654,-0.12457600235939026,0.36160802841186523,0,-0.20406600832939148,0.6390670537948608,0.7415859699249268,0,-0.32347601652145386,-0.7589949369430542,0.5650569796562195,0,0,14.94791030883789,0,1,0.07432401925325394,-0.9939659833908081,-0.08066900074481964,0,0.9946489930152893,0.0680670216679573,0.07772500067949295,0,-0.0717649981379509,-0.08601400256156921,0.9937059879302979,0,0,30.792724609375,0,1,0.7962200045585632,-0.23541401326656342,0.5573279857635498,0,0.33363500237464905,0.9393119812011719,-0.07987998425960541,0,-0.5047000050544739,0.24954599142074585,0.8264409899711609,0,0,27.812122344970703,0,1,0.9325760006904602,-0.16650600731372833,0.32027900218963623,0,-0.042785998433828354,0.8300189971923828,0.5560910105705261,0,-0.35842999815940857,-0.5323010087013245,0.7669309973716736,0,3.541306972503662,4.197053909301758,1.4846229553222656,1,0.9827960133552551,0.04771700128912926,0.17842499911785126,0,-0.09498299658298492,0.959089994430542,0.2666909992694855,0,-0.15839999914169312,-0.27904999256134033,0.9471219778060913,0,0.9701060056686401,4.446281909942627,0,1,0.9860680103302002,-0.1653210073709488,0.018427999690175056,0,0.16311700642108917,0.9827010035514832,0.08770699799060822,0,-0.0326090008020401,-0.08347900211811066,0.9959759712219238,0,-0.11242000013589859,4.655807971954346,0,1,0.9769350290298462,0.2129340022802353,0.01601099967956543,0,-0.21310999989509583,0.9769740104675293,0.010269000194966793,0,-0.01345600001513958,-0.01344399992376566,0.9998189806938171,0,2.431562900543213,11.490638732910156,-0.20823100209236145,1,0.9999039769172668,0.013863000087440014,0.0002809999859891832,0,-0.013864000327885151,0.9993169903755188,0.034251000732183456,0,0.0001939999929163605,-0.034251999109983444,0.999413013458252,0,-0.018022000789642334,3.936624050140381,0,1,1,0.000018000000636675395,0.0001449999981559813,0,-0.000019999999494757503,0.9998530149459839,0.017129000276327133,0,-0.00014400000509340316,-0.017129000276327133,0.9998530149459839,0,0.015630999580025673,4.24350118637085,0,1,0.9749330282211304,0.21917299926280975,0.038311999291181564,0,-0.21970100700855255,0.9755150079727173,0.010111999697983265,0,-0.03515800088644028,-0.018276000395417213,0.9992150068283081,0,-2.431562900543213,11.443589210510254,-0.5266129970550537,1,1,0.00021499999274965376,-0.00002099999983329326,0,-0.00021399999968707561,0.999409019947052,0.03436899930238724,0,0.000028000000384054147,-0.03436899930238724,0.999409019947052,0,0.009308000095188618,4.263595104217529,0,1,0.999987006187439,0.005009000189602375,0.00008600000001024455,0,-0.005009999964386225,0.9998400211334229,0.017186999320983887,0,0,-0.017186999320983887,0.9998520016670227,0,-0.009579000063240528,3.8998448848724365,0,1,-0.9903910160064697,0.005546020343899727,0.13818597793579102,0,0.11404797434806824,-0.5324219465255737,0.838761031627655,0,0.07822500169277191,0.8464610576629639,0.5266729593276978,0,10.021597862243652,-5.935707092285156,-1.0361789464950562,1,0.9973940253257751,0.00980400200933218,-0.07147904485464096,0,-0.07129804790019989,-0.0177640188485384,-0.9972969889640808,0,-0.011047003790736198,0.9997940063476562,-0.017019018530845642,0,0,40.93000030517578,0,1,0.9968400001525879,0.027080893516540527,-0.07467199116945267,0,0.05083002895116806,0.504917323589325,0.8616698384284973,0,0.06103792041540146,-0.8627428412437439,0.5019453167915344,0,0,35.080074310302734,0,1,0.9968090057373047,-0.011345985345542431,0.07901693135499954,0,-0.032488998025655746,0.8464958071708679,0.5314032435417175,0,-0.0729169249534607,-0.5322742462158203,0.8434258103370667,0,0,17.44261932373047,0,1,-0.957023024559021,-0.03086000680923462,-0.2883650064468384,0,-0.22017300128936768,-0.5698639154434204,0.7916940450668335,0,-0.18876098096370697,0.8211590647697449,0.5385789275169373,0,-10.021597862243652,-5.935707092285156,-0.8095359802246094,1,0.999779999256134,-0.01554805226624012,0.014108006842434406,0,0.013163003139197826,-0.059298038482666016,-0.9981539845466614,0,0.016356052830815315,0.9981189966201782,-0.059080034494400024,0,0,40.944435119628906,0,1,0.9844200015068054,-0.16108499467372894,0.07048901170492172,0,-0.0012699757935479283,0.3943621814250946,0.9189539551734924,0,-0.1758279949426651,-0.9047269225120544,0.38801318407058716,0,0,35.077667236328125,0,1,0.9976040124893188,0.0036950234789401293,-0.06908002495765686,0,0.03372099623084068,0.8459369540214539,0.5322160720825195,0,0.06040402501821518,-0.5332700610160828,0.8437859416007996,0,0,17.25095558166504,0,1
K0.067,0.9992899894714355,-0.030549995601177216,0.02202701009809971,0,0.0372139997780323,0.8909670114517212,-0.4525409936904907,0,-0.005800010170787573,0.4530400037765503,0.8914710283279419,0,0.7992159128189087,56.821434020996094,-21.766172409057617,1,0.9994210004806519,0.032249972224235535,0.01087799109518528,0,-0.03352297469973564,0.8775669932365417,0.4782809913158417,0,0.005878996104001999,-0.47836899757385254,0.8781390190124512,0,0,10.717056274414062,-0.8223620057106018,1,0.9998800158500671,0.014960031025111675,0.0039170049130916595,0,-0.01502803061157465,0.9997259974479675,0.017967021092772484,0,-0.0036470042541623116,-0.0180240198969841,0.9998310208320618,0,0,12.53999137878418,0,1,0.9998810291290283,0.01515503041446209,0.003025003243237734,0,-0.015207030810415745,0.9997220039367676,0.017992019653320312,0,-0.002752002328634262,-0.018036022782325745,0.9998340010643005,0,0,14.331419944763184,0,1,0.9995260238647461,-0.02918701246380806,-0.009767004288733006,0,0.030777014791965485,0.9493870139122009,0.31259799003601074,0,0.00014900004316587,-0.31275099515914917,0.9498350024223328,0,0,16.122835159301758,0,1,0.9994580149650574,-0.031840980052948,-0.008346996270120144,0,0.024905985221266747,0.8973230123519897,-0.44067203998565674,0,0.021520989015698433,0.4402250349521637,0.8976290225982666,0,0,3.7414090633392334,0.8067240118980408,1,-0.1243780255317688,0.0002890023752115667,-0.992235004901886,0,0.9390360116958618,-0.3230060338973999,-0.11780402064323425,0,-0.32053202390670776,-0.9463970065116882,0.03990301117300987,0,7.416264057159424,14.032586097717285,-0.19484899938106537,1,0.7243989706039429,0.4730589985847473,-0.5014600157737732,0,0.04696197435259819,0.6918529868125916,0.7205100059509277,0,0.6877800226211548,-0.5454859733581543,0.4789620339870453,0,0,14.94791030883789,0,1,0.20707400143146515,0.9756379723548889,0.07246900349855423,0,-0.9762920141220093,0.20130200684070587,0.07957199960947037,0,0.06304500252008438,-0.08722899854183197,0.9941909909248352,0,0,30.792171478271484,0,1,0.7173420190811157,0.2999359965324402,-0.6288549900054932,0,-0.5608999729156494,0.7840279936790466,-0.26587796211242676,0,0.4132940173149109,0.5434499979019165,0.7306510210037231,0,0,27.81073570251465,0,1,0.9413149952888489,0.21985900402069092,-0.2561030089855194,0,-0.04161699861288071,0.8285670280456543,0.5583419799804688,0,0.33495399355888367,-0.5149170160293579,0.7890920042991638,0,-3.4057059288024902,3.9013888835906982,1.428406000137329,1,0.9952269792556763,-0.09479600191116333,0.023176999762654305,0,0.09421999752521515,0.9952419996261597,0.024815000593662262,0,-0.025419000536203384,-0.022513000294566154,0.9994230270385742,0,-0.7919420003890991,4.224130153656006,0,1,0.9769610166549683,0.21076899766921997,0.033532001078128815,0,-0.20861800014972687,0.9762589931488037,-0.05827600136399269,0,-0.0450190007686615,0.04993800073862076,0.9977369904518127,0,-0.12183400243520737,4.7823967933654785,0,1,0.9655420184135437,-0.2583020031452179,-0.031769998371601105,0,0.25878700613975525,0.965857982635498,0.01217699982225895,0,0.027540000155568123,-0.019979000091552734,0.9994210004806519,0,-3.0084779262542725,10.882960319519043,-0.3040040135383606,1,0.9999849796295166,-0.00545499986037612,-0.00008900000102585182,0,0.00545400008559227,0.999176025390625,0.040213000029325485,0,-0.00013099999341648072,-0.040213000029325485,0.9991909861564636,0,0.0039610001258552074,4.106675148010254,0,1,0.9999960064888,0.0027340000960975885,0.000007999999979801942,0,-0.0027340000960975885,0.9997940063476562,0.020111000165343285,0,0.0000470000013592653,-0.020111000165343285,0.9997979998588562,0,-0.00892299972474575,4.17043399810791,0,1,0.9670680165290833,-0.2530899941921234,-0.026937000453472137,0,0.25347700715065,0.9672660231590271,0.012040000408887863,0,0.02300800010561943,-0.018471000716090202,0.9995650053024292,0,3.0084779262542725,11.289527893066406,-0.15886899828910828,1,0.9998390078544617,-0.01793299987912178,-0.0003420000139158219,0,0.017931999638676643,0.9990190267562866,0.040481001138687134,0,-0.00038499999209307134,-0.04047999903559685,0.999180018901825,0,0.027370000258088112,4.2525248527526855,0,1,0.9999459981918335,0.010431000031530857,-0.00040499999886378646,0,-0.010420000180602074,0.9997439980506897,0.02010600082576275,0,0.0006150000263005495,-0.020100999623537064,0.9997979998588562,0,-0.03482799977064133,3.8929150104522705,0,1,-0.003202982246875763,-0.020907998085021973,0.9997760057449341,0,-0.9328470230102539,-0.36011993885040283,-0.010518981143832207,0,0.36025893688201904,-0.9326720237731934,-0.018351005390286446,0,-7.416264057159424,14.027329444885254,-0.12634199857711792,1,0.922435998916626,-0.12448400259017944,0.3655339777469635,0,-0.2057029902935028,0.6427109241485596,0.73797607421875,0,-0.3267989754676819,-0.7559270858764648,0.5672529935836792,0,0,14.94791030883789,0,1,0.07658898085355759,-0.9938079714775085,-0.08049199730157852,0,0.9944909811019897,0.07034698128700256,0.07771199941635132,0,-0.07156900316476822,-0.0860000029206276,0.9937210083007812,0,0,30.792724609375,0,1,0.7967010140419006,-0.23664698004722595,0.556115984916687,0,0.33393698930740356,0.939303994178772,-0.07869801670312881,0,-0.5037389993667603,0.2484070211648941,0.8273699879646301,0,0,27.812122344970703,0,1,0.9325739741325378,-0.1665090024471283,0.3202809989452362,0,-0.04278700053691864,0.830016016960144,0.5560960173606873,0,-0.3584330081939697,-0.5323039889335632,0.7669270038604736,0,3.541306972503662,4.197053909301758,1.4846229553222656,1,0.982795000076294,0.047717999666929245,0.1784289926290512,0,-0.09498599916696548,0.9590889811515808,0.26669400930404663,0,-0.15840299427509308,-0.2790539860725403,0.9471210241317749,0,0.9701060056686401,4.446281909942627,0,1,0.9860680103302002,-0.1653199940919876,0.018428999930620193,0,0.163115993142128,0.982699990272522,0.08771000057458878,0,-0.03260999917984009,-0.08348099887371063,0.9959759712219238,0,-0.11242000013589859,4.655807971954346,0,1,0.9769350290298462,0.2129340022802353,0.01601099967956543,0,-0.2131109982728958,0.9769740104675293,0.01027000043541193,0,-0.01345600001513958,-0.013445000164210796,0.9998189806938171,0,2.431562900543213,11.490638732910156,-0.20823100209236145,1,0.9999039769172668,0.013863000087440014,0.0002809999859891832,0,-0.013864000327885151,0.9993169903755188,0.034251999109983444,0,0.0001939999929163605,-0.03425300121307373,0.999413013458252,0,-0.018022000789642334,3.936624050140381,0,1,1,0.000018000000636675395,0.0001449999981559813,0,-0.000019999999494757503,0.9998530149459839,0.017129000276327133,0,-0.00014400000509340316,-0.017129000276327133,0.9998530149459839,0,0.015630999580025673,4.24350118637085,0,1,0.9749330282211304,0.21917299926280975,0.038311999291181564,0,-0.21970200538635254,0.9755150079727173,0.010112999938428402,0,-0.03515699878334999,-0.018276000395417213,0.9992150068283081,0,-2.431562900543213,11.443589210510254,-0.5266129970550537,1,1,0.00021499999274965376,-0.00002099999983329326,0,-0.00021399999968707561,0.999409019947052,0.034370001405477524,0,0.000028000000384054147,-0.034370001405477524,0.999409019947052,0,0.009308000095188618,4.263595104217529,0,1,0.999987006187439,0.005009000189602375,0.00008600000001024455,0,-0.005009999964386225,0.9998400211334229,0.017187999561429024,0,0,-0.017187999561429024,0.9998520016670227,0,-0.009579000063240528,3.8998448848724365,0,1,-0.9906690120697021,0.007615979295223951,0.1360740214586258,0,0.1117970198392868,-0.5256260633468628,0.8433379530906677,0,0.07794699817895889,0.8506819605827332,0.5198700428009033,0,10.021597862243652,-5.935707092285156,-1.0361789464950562,1,0.9970710277557373,0.009966998361051083,-0.07583095878362656,0,-0.07562495768070221,-0.019627980887889862,-0.9969429969787598,0,-0.011424995958805084,0.9997580051422119,-0.018816981464624405,0,0,40.93000030517578,0,1,0.9971309900283813,0.016405105590820312,-0.0738920047879219,0,0.05386297032237053,0.5320746898651123,0.8449822068214417,0,0.053178079426288605,-0.8465381860733032,0.5296646952629089,0,0,35.080074310302734,0,1,0.9973300099372864,-0.00987501535564661,0.07235106825828552,0,-0.03221700340509415,0.8296611905097961,0.5573367476463318,0,-0.06553107500076294,-0.5581797361373901,0.8271281719207764,0,0,17.44261932373047,0,1,-0.9573789834976196,-0.0316309928894043,-0.2870990037918091,0,-0.21993699669837952,-0.5644800662994385,0.7956069111824036,0,-0.1872270107269287,0.8248409628868103,0.5334640741348267,0,-10.021597862243652,-5.935707092285156,-0.8095359802246094,1,0.999675989151001,-0.02076294831931591,0.014731993898749352,0,0.013399996794760227,-0.06288096308708191,-0.9979310035705566,0,0.02164594829082489,0.9978049993515015,-0.06258196383714676,0,0,40.944435119628906,0,1,0.9843320250511169,-0.16108599305152893,0.0717029869556427,0,0.0011449760058894753,0.41248783469200134,0.9109620451927185,0,-0.17632000148296356,-0.8966070413589478,0.4062098264694214,0,0,35.077667236328125,0,1,0.9974589943885803,0.006051976699382067,-0.07098598033189774,0,0.03334100544452667,0.8408920764923096,0.5401749610900879,0,0.06295997649431229,-0.5411699414253235,0.8385530710220337,0,0,17.25095558166504,0,1
