1.433,30,42,49
B0,mixamorig_Hips,-1,0.9920210242271423,0.12506499886512756,-0.015936249867081642,0,-0.004005250055342913,-0.09507225453853607,-0.9954620003700256,0,-0.12601299583911896,0.9875829815864563,-0.09381300210952759,0,0.10108274221420288,92.1305160522461,0.8552197813987732,1
B1,mixamorig_Spine,0,0.9993515014648438,-0.0340537503361702,-0.011700762435793877,0,0.034079499542713165,0.9994170069694519,0.0019702468998730183,0,0.01162626314908266,-0.0023677474819123745,0.9999294877052307,0,0,12.324310302734375,-0.13376399874687195,1
B2,mixamorig_Spine1,1,0.9994392395019531,-0.01165999099612236,-0.03140049800276756,0,0.01278724055737257,0.9992730021476746,0.03592624515295029,0,0.0309587512165308,-0.03630749508738518,0.998860776424408,0,0,14.37921142578125,0,1
B3,mixamorig_Spine2,2,0.9994499683380127,-0.010363000445067883,-0.03149651736021042,0,0.011514251120388508,0.9992637634277344,0.03658824786543846,0,0.031093768775463104,-0.03693099692463875,0.9988340139389038,0,0,16.43337059020996,0,1
B4,mixamorig_Neck,3,0.9656357169151306,-0.08604598790407181,-0.24524129927158356,0,0.07235999405384064,0.9953039884567261,-0.06429798156023026,0,0.24962253868579865,0.04434248432517052,0.9673277139663696,0,0,18.4875545501709,0,1
B5,mixamorig_Head,4,0.6904867887496948,-0.04320593550801277,-0.7220521569252014,0,0.05306341126561165,0.9985474944114685,-0.00901062786579132,0,0.7213916182518005,-0.03209389001131058,0.691778838634491,0,0,10.193450927734375,2.7413880825042725,1
B6,mixamorig_HeadTop_End,5,1,0,0,0,0,1,0,0,0,0,1,0,0,25.688674926757812,6.908614158630371,1
B7,mixamorig_LeftShoulder,3,0.0009702761890366673,0.009269998408854008,-0.9999567866325378,0,0.9705960154533386,-0.2407122403383255,-0.0012899743160232902,0,-0.24071349203586578,-0.9705520272254944,-0.00923125445842743,0,8.144542694091797,16.799013137817383,-0.007412000093609095,1
B8,mixamorig_LeftArm,7,0.7817469835281372,0.4629347622394562,-0.4178072512149811,0,0.10585223883390427,0.5617647767066956,0.8204977512359619,0,0.6145467758178711,-0.6856470108032227,0.39015525579452515,0,0,16.382678985595703,0,1
B9,mixamorig_LeftForeArm,8,0.18171778321266174,0.9832062125205994,0.016838248819112778,0,-0.9833202362060547,0.1815497875213623,0.011020000092685223,0,0.007778499741107225,-0.01855975016951561,0.9997972249984741,0,0,27.731338500976562,0,1
B10,mixamorig_LeftHand,9,0.9779794812202454,0.14324775338172913,0.15177728235721588,0,-0.1831342577934265,0.9378057718276978,0.2949277460575104,0,-0.10008978843688965,-0.3162287473678589,0.9433877468109131,0,0,29.85481071472168,0,1
B11,mixamorig_LeftHandThumb1,10,0.9769030213356018,0.08564099669456482,-0.1957707405090332,0,-0.034000251442193985,0.9667980074882507,0.2532680034637451,0,0.2109609991312027,-0.24076199531555176,0.947380006313324,0,-3.6098620891571045,3.174355983734131,1.4589890241622925,1
B12,mixamorig_LeftHandThumb2,11,0.9848769903182983,-0.1660269945859909,0.049529001116752625,0,0.16336899995803833,0.9851059913635254,0.05362975224852562,0,-0.05769500136375427,-0.04472700133919716,0.997331976890564,0,-0.8901739716529846,3.9190280437469482,0,1
B13,mixamorig_LeftHandThumb3,12,0.9996690154075623,0.025730999186635017,0.0003169999981764704,0,-0.024788999930024147,0.966234028339386,-0.25647199153900146,0,-0.006905999965965748,0.25637900829315186,0.9665520191192627,0,0.14583900570869446,4.226590156555176,0,1
B14,mixamorig_LeftHandThumb4,13,1,0,0,0,0,1,0,0,0,0,1,0,0.7443349957466125,3.1022720336914062,0,1
B15,mixamorig_LeftHandIndex1,10,0.9196762442588806,-0.39170974493026733,-0.02754499949514866,0,0.3654387593269348,0.828103244304657,0.42508798837661743,0,-0.1437010020017624,-0.4010089933872223,0.9047330021858215,0,-2.6934239864349365,8.445516586303711,-0.2821590006351471,1
B16,mixamorig_LeftHandIndex2,15,0.9982140064239502,-0.0588189996778965,-0.010475000366568565,0,0.05872099846601486,0.9336000084877014,0.3534730076789856,0,-0.011012000031769276,-0.3534570038318634,0.9353860020637512,0,0.03263700008392334,4.554193019866943,0,1
B17,mixamorig_LeftHandIndex3,16,0.9989200234413147,-0.045396000146865845,-0.009871999733150005,0,0.045959752053022385,0.9346287846565247,0.3526430130004883,0,-0.0067819999530911446,-0.35271599888801575,0.9357060194015503,0,-0.020963000133633614,4.280861854553223,0,1
B18,mixamorig_LeftHandIndex4,17,1,0,0,0,0,1,0,0,0,0,1,0,-0.011673999950289726,3.2755069732666016,0,1
B19,mixamorig_LeftHandMiddle1,10,0.9221680164337158,-0.3778280019760132,-0.08277899771928787,0,0.3808639943599701,0.8496840000152588,0.3646650016307831,0,-0.06744399666786194,-0.3678097426891327,0.927452027797699,0,2.6934239864349365,8.795151710510254,-0.6727960109710693,1
B20,mixamorig_LeftHandMiddle2,19,0.9999989867210388,-0.0015487499767914414,0.000707999977748841,0,0.0011970000341534615,0.9351750016212463,0.35418400168418884,0,-0.0012110000243410468,-0.35418298840522766,0.9351757764816284,0,-0.059852998703718185,5.105563163757324,0,1
B21,mixamorig_LeftHandMiddle3,20,0.9991070032119751,-0.04181300103664398,-0.0059980000369250774,0,0.04122624918818474,0.9342820048332214,0.3541420102119446,0,-0.009204000234603882,-0.35407400131225586,0.9351720213890076,0,0.0606519989669323,4.097879886627197,0,1
B22,mixamorig_LeftHandMiddle4,21,1,0,0,0,0,1,0,0,0,0,1,0,-0.0007989999721758068,3.11954402923584,0,1
B23,mixamorig_RightShoulder,3,0.04993371292948723,-0.012993495911359787,0.9986682534217834,0,-0.9324472546577454,-0.3588612377643585,0.04195296764373779,0,0.3578382432460785,-0.9333004951477051,-0.030034484341740608,0,-8.144542694091797,16.79924964904785,-0.02924099937081337,1
B24,mixamorig_RightArm,23,0.6845727562904358,-0.3773009777069092,0.6237024664878845,0,-0.03570526838302612,0.8372402191162109,0.5456677675247192,0,-0.7280692458152771,-0.3958187699317932,0.5596802234649658,0,0,16.382678985595703,0,1
B25,mixamorig_RightForeArm,24,-0.2137407511472702,-0.976665735244751,-0.02097024954855442,0,0.9767589569091797,-0.21401475369930267,0.01180300023406744,0,-0.016015250235795975,-0.017960000783205032,0.9997100234031677,0,0,27.733232498168945,0,1
B26,mixamorig_RightHand,25,0.6677554845809937,-0.4579544961452484,-0.5868397355079651,0,0.5029804706573486,0.858745276927948,-0.09781000018119812,0,0.5487377643585205,-0.2298559844493866,0.8037739992141724,0,0,29.846614837646484,0,1
B27,mixamorig_RightHandThumb1,26,0.9833019971847534,-0.12631000578403473,0.13100899755954742,0,0.09650799632072449,0.9722660183906555,0.21303874254226685,0,-0.15428400039672852,-0.19683775305747986,0.9682210087776184,0,3.235650062561035,3.2195980548858643,1.3304729461669922,1
B28,mixamorig_RightHandThumb2,27,0.9461432099342346,0.32029274106025696,-0.047171998769044876,0,-0.31620073318481445,0.9455029964447021,0.07772599905729294,0,0.06949625164270401,-0.05862399935722351,0.9958580136299133,0,0.6180350184440613,3.7530570030212402,0,1
B29,mixamorig_RightHandThumb3,28,0.888841986656189,0.4419330060482025,-0.12105800211429596,0,-0.45669201016426086,0.8759289979934692,-0.15550124645233154,0,0.037317000329494476,0.19350199401378632,0.9803900122642517,0,0.16515199840068817,4.5723981857299805,0,1
B30,mixamorig_RightHandThumb4,29,1,0,0,0,0,1,0,0,0,0,1,0,-0.783187985420227,3.6797258853912354,0,1
B31,mixamorig_RightHandIndex1,26,0.9533889889717102,0.30038800835609436,0.028564000502228737,0,-0.2659670114517212,0.7918679714202881,0.5497329831123352,0,0.14251400530338287,-0.5317069888114929,0.8348519802093506,0,2.698096990585327,8.781547546386719,-0.20723700523376465,1
B32,mixamorig_RightHandIndex2,31,0.999692976474762,0.024486999958753586,0.0037320000119507313,0,-0.024468999356031418,0.9528070092201233,0.3025889992713928,0,0.0038537499494850636,-0.30258798599243164,0.9531139731407166,0,-0.023916000500321388,4.534718990325928,0,1
B33,mixamorig_RightHandIndex3,32,0.999925971031189,0.011838000267744064,0.002879000036045909,0,-0.012153999879956245,0.9530032277107239,0.302715003490448,0,0.0008399999933317304,-0.30272799730300903,0.9530770182609558,0,0.019384000450372696,4.392448902130127,0,1
B34,mixamorig_RightHandIndex4,33,1,0,0,0,0,1,0,0,0,0,1,0,0.004532000049948692,3.336751937866211,0,1
B35,mixamorig_RightHandMiddle1,26,0.9559159874916077,0.292923241853714,0.02048400044441223,0,-0.259568989276886,0.810329258441925,0.5253480076789856,0,0.13728725910186768,-0.5075057744979858,0.8506410121917725,0,-2.698096990585327,9.784463882446289,-0.2094939947128296,1
B36,mixamorig_RightHandMiddle2,35,0.9998149871826172,0.019006000831723213,0.002814000006765127,0,-0.01896600052714348,0.9528509974479675,0.30284398794174194,0,0.0030747498385608196,-0.30284199118614197,0.9530360102653503,0,-0.02246600016951561,4.815895080566406,0,1
B37,mixamorig_RightHandMiddle3,36,0.9999409914016724,0.010502000339329243,0.0026199999265372753,0,-0.010803000070154667,0.9529669880867004,0.30288100242614746,0,0.0006840000278316438,-0.30289173126220703,0.9530249834060669,0,0.013038000091910362,3.8573710918426514,0,1
B38,mixamorig_RightHandMiddle4,37,1,0,0,0,0,1,0,0,0,0,1,0,0.00942699983716011,3.252545118331909,0,1
B39,mixamorig_LeftUpLeg,0,-0.9462485313415527,-0.20705825090408325,0.24847674369812012,0,0.17041674256324768,-0.9721148014068604,-0.16109497845172882,0,0.2749042510986328,-0.11009148508310318,0.9551482200622559,0,11.08952808380127,-6.846839904785156,0.8038560152053833,1
B40,mixamorig_LeftLeg,39,0.9985855221748352,0.03880573809146881,-0.03634381666779518,0,-0.04323674738407135,0.9905234575271606,-0.13036029040813446,0,0.030940314754843712,0.1317472755908966,0.9908002614974976,0,0,37.25887680053711,0,1
B41,mixamorig_LeftFoot,40,0.8419405221939087,-0.33007848262786865,0.426829993724823,0,-0.00711952056735754,0.7841907143592834,0.6204787492752075,0,-0.5395230054855347,-0.5254455208778381,0.6578919887542725,0,0,28.647293090820312,0,1
B42,mixamorig_LeftToeBase,41,0.9889622330665588,0.030759749934077263,-0.14493800699710846,0,0.06757999956607819,0.776889979839325,0.6259989738464355,0,0.1318567395210266,-0.6288842558860779,0.7662360072135925,0,0,14.34704875946045,0,1
B43,mixamorig_LeftToe_End,42,1,0,0,0,0,1,0,0,0,0,1,0,0,8.472380638122559,0,1
B44,mixamorig_RightUpLeg,0,-0.9366242289543152,0.231500506401062,-0.26294848322868347,0,-0.22742950916290283,-0.9726952314376831,-0.04625600203871727,0,-0.26647675037384033,0.016477249562740326,0.9637002348899841,0,-11.08952808380127,-6.846839904785156,0.7620720267295837,1
B45,mixamorig_RightLeg,44,0.9990427494049072,-0.043355491012334824,-0.005799462087452412,0,0.040985748171806335,0.9741582274436951,-0.22211675345897675,0,0.015279460698366165,0.22166626155376434,0.9750030040740967,0,0,37.25868225097656,0,1
B46,mixamorig_RightFoot,45,0.8526400327682495,0.3404357433319092,-0.3963695168495178,0,-0.042951978743076324,0.8017032742500305,0.5961767435073853,0,0.5207307934761047,-0.49129927158355713,0.6981872320175171,0,0,28.637149810791016,0,1
B47,mixamorig_RightToeBase,46,0.9996309876441956,-0.01006999984383583,-0.025243248790502548,0,0.02399599924683571,0.7631329894065857,0.645796000957489,0,0.012760999612510204,-0.6461629867553711,0.7630927562713623,0,0,13.192017555236816,0,1
B48,mixamorig_RightToe_End,47,1,0,0,0,0,1,0,0,0,0,1,0,0,9.98730754852295,0,1
@40,0,1,2,3,4,5,7,8,9,10,11,12,13,15,16,17,19,20,21,23,24,25,26,27,28,29,31,32,33,35,36,37,39,40,41,42,44,45,46,47
K0.000,0.9920200109481812,0.12506499886512756,-0.01594099961221218,0,-0.004011000040918589,-0.09507299959659576,-0.9954620003700256,0,-0.12601299583911896,0.9875829815864563,-0.09381300210952759,0,0.10205300152301788,92.12140655517578,0.8546169996261597,1,0.9993579983711243,-0.03405800089240074,-0.011091000400483608,0,0.0340920016169548,0.9994149804115295,0.0028409999795258045,0,0.010987999849021435,-0.003217000048607588,0.9999340176582336,0,0,12.324310302734375,-0.13376399874687195,1,0.9994609951972961,-0.009813000448048115,-0.03133599832653999,0,0.010998999699950218,0.9992200136184692,0.03792199864983559,0,0.030938999727368355,-0.038247000426054,0.9987890124320984,0,0,14.37921142578125,0,1,0.9994699954986572,-0.01027199998497963,-0.030889000743627548,0,0.011446000076830387,0.9992089867591858,0.03807700052857399,0,0.030473999679088593,-0.0384100005030632,0.9987969994544983,0,0,16.43337059020996,0,1,0.9660339951515198,-0.08362399786710739,-0.24451200664043427,0,0.06986600160598755,0.9954739809036255,-0.06442300230264664,0,0.24879199266433716,0.045152001082897186,0.9675040245056152,0,0,18.4875545501709,0,1,0.6942909955978394,-0.04355200007557869,-0.718375027179718,0,0.053495001047849655,0.9985290169715881,-0.008834999985992908,0,0.7177029848098755,-0.03229599818587303,0.6955999732017517,0,0,10.193450927734375,2.7413880825042725,1,-0.00344299990683794,0.009518999606370926,-0.9999489784240723,0,0.96977299451828,-0.2439430058002472,-0.005661000031977892,0,-0.24398399889469147,-0.969743013381958,-0.008391999639570713,0,8.144542694091797,16.799013137817383,-0.007412000093609095,1,0.7815619707107544,0.46440601348876953,-0.41651999950408936,0,0.10199200361967087,0.5635740160942078,0.8197450041770935,0,0.6154339909553528,-0.6831629872322083,0.3931030035018921,0,0,16.382678985595703,0,1,0.1818239986896515,0.9831870198249817,0.016837000846862793,0,-0.983299970626831,0.18165600299835205,0.011020000092685223,0,0.0077760000713169575,-0.018559999763965607,0.9997979998588562,0,0,27.731338500976562,0,1,0.9776780009269714,0.14532500505447388,0.15174700319766998,0,-0.18513299524784088,0.9373639822006226,0.2950829863548279,0,-0.09935899823904037,-0.31658899784088135,0.9433450102806091,0,0,29.85481071472168,0,1,0.9769030213356018,0.08564099669456482,-0.1957709938287735,0,-0.034001000225543976,0.9667980074882507,0.2532680034637451,0,0.2109609991312027,-0.24076199531555176,0.947380006313324,0,-3.6098620891571045,3.174355983734131,1.4589890241622925,1,0.9848769903182983,-0.1660269945859909,0.049529001116752625,0,0.16336899995803833,0.9851059913635254,0.05362899973988533,0,-0.05769500136375427,-0.04472700133919716,0.997331976890564,0,-0.8901739716529846,3.9190280437469482,0,1,0.9996690154075623,0.025730999186635017,0.0003169999981764704,0,-0.024788999930024147,0.966234028339386,-0.25647199153900146,0,-0.006905999965965748,0.25637900829315186,0.9665520191192627,0,0.14583900570869446,4.226590156555176,0,1,0.9196770191192627,-0.39170899987220764,-0.02754499949514866,0,0.3654380142688751,0.8281030058860779,0.42508798837661743,0,-0.1437010020017624,-0.4010089933872223,0.9047330021858215,0,-2.6934239864349365,8.445516586303711,-0.2821590006351471,1,0.9982140064239502,-0.0588189996778965,-0.010475000366568565,0,0.05872099846601486,0.9336000084877014,0.3534730076789856,0,-0.011012000031769276,-0.3534570038318634,0.9353860020637512,0,0.03263700008392334,4.554193019866943,0,1,0.9989200234413147,-0.045396000146865845,-0.009871999733150005,0,0.04596000164747238,0.9346280097961426,0.3526430130004883,0,-0.0067819999530911446,-0.35271599888801575,0.9357060194015503,0,-0.020963000133633614,4.280861854553223,0,1,0.9221680164337158,-0.3778280019760132,-0.08277899771928787,0,0.3808639943599701,0.8496840000152588,0.3646650016307831,0,-0.06744399666786194,-0.3678100109100342,0.927452027797699,0,2.6934239864349365,8.795151710510254,-0.6727960109710693,1,0.9999989867210388,-0.0015480000292882323,0.000707999977748841,0,0.0011970000341534615,0.9351750016212463,0.35418400168418884,0,-0.0012110000243410468,-0.35418298840522766,0.9351750016212463,0,-0.059852998703718185,5.105563163757324,0,1,0.9991070032119751,-0.04181300103664398,-0.0059980000369250774,0,0.04122599959373474,0.9342820048332214,0.3541429936885834,0,-0.009204000234603882,-0.35407400131225586,0.9351720213890076,0,0.0606519989669323,4.097879886627197,0,1,0.05140500143170357,-0.013207999989390373,0.9985910058021545,0,-0.9334660172462463,-0.35603800415992737,0.04334399849176407,0,0.3549630045890808,-0.9343780279159546,-0.030632000416517258,0,-8.144542694091797,16.79924964904785,-0.02924099937081337,1,0.6862369775772095,-0.3786799907684326,0.6210309863090515,0,-0.03418999910354614,0.8360580205917358,0.5475749969482422,0,-0.7265740036964417,-0.3970000147819519,0.5607870221138,0,0,16.382678985595703,0,1,-0.2143310010433197,-0.976535975933075,-0.020976999774575233,0,0.9766299724578857,-0.21460500359535217,0.011801999993622303,0,-0.016026999801397324,-0.01795700006186962,0.9997100234031677,0,0,27.733232498168945,0,1,0.6698880195617676,-0.45763298869132996,-0.5846560001373291,0,0.5028219819068909,0.8590139746665955,-0.09625899791717529,0,0.5462790131568909,-0.22949500381946564,0.8055499792098999,0,0,29.846614837646484,0,1,0.9833019971847534,-0.12631000578403473,0.13100899755954742,0,0.09650799632072449,0.9722660183906555,0.21303799748420715,0,-0.15428400039672852,-0.19683800637722015,0.9682210087776184,0,3.235650062561035,3.2195980548858643,1.3304729461669922,1,0.9461429715156555,0.32029300928115845,-0.047171998769044876,0,-0.31620100140571594,0.9455029964447021,0.07772599905729294,0,0.0694969967007637,-0.05862399935722351,0.9958580136299133,0,0.6180350184440613,3.7530570030212402,0,1,0.888841986656189,0.4419330060482025,-0.12105699628591537,0,-0.45669201016426086,0.8759289979934692,-0.15550200641155243,0,0.03731599822640419,0.19350199401378632,0.9803900122642517,0,0.16515199840068817,4.5723981857299805,0,1,0.9533889889717102,0.30038800835609436,0.028564000502228737,0,-0.26596799492836,0.7918679714202881,0.5497329831123352,0,0.14251400530338287,-0.5317069888114929,0.8348519802093506,0,2.698096990585327,8.781547546386719,-0.20723700523376465,1,0.999692976474762,0.024486999958753586,0.0037320000119507313,0,-0.02446799911558628,0.9528070092201233,0.3025889992713928,0,0.0038530000019818544,-0.30258798599243164,0.9531139731407166,0,-0.023916000500321388,4.534718990325928,0,1,0.999925971031189,0.011838000267744064,0.002879000036045909,0,-0.012153999879956245,0.953004002571106,0.302715003490448,0,0.0008399999933317304,-0.30272799730300903,0.9530770182609558,0,0.019384000450372696,4.392448902130127,0,1,0.9559159874916077,0.2929239869117737,0.02048400044441223,0,-0.259568989276886,0.8103299736976624,0.5253480076789856,0,0.13728800415992737,-0.5075060129165649,0.8506410121917725,0,-2.698096990585327,9.784463882446289,-0.2094939947128296,1,0.9998149871826172,0.019006000831723213,0.002814000006765127,0,-0.01896600052714348,0.9528509974479675,0.30284398794174194,0,0.0030739998910576105,-0.30284199118614197,0.9530360102653503,0,-0.02246600016951561,4.815895080566406,0,1,0.9999409914016724,0.010502000339329243,0.0026199999265372753,0,-0.010803000070154667,0.9529669880867004,0.30288100242614746,0,0.0006840000278316438,-0.3028919994831085,0.9530249834060669,0,0.013038000091910362,3.8573710918426514,0,1,-0.9462640285491943,-0.20728999376296997,0.24822400510311127,0,0.17038099467754364,-0.9719460010528564,-0.16214700043201447,0,0.2748720049858093,-0.11114100366830826,0.9550359845161438,0,11.08952808380127,-6.846839904785156,0.8038560152053833,1,0.9985730051994324,0.03881099820137024,-0.036688998341560364,0,-0.043216999620199203,0.9908159971237183,-0.12812499701976776,0,0.03137899935245514,0.1295280009508133,0.9910789728164673,0,0,37.25887680053711,0,1,0.8394479751586914,-0.3299950063228607,0.4317759871482849,0,-0.009565000422298908,0.7854290008544922,0.6188780069351196,0,-0.5433560013771057,-0.5236449837684631,0.6561700105667114,0,0,28.647293090820312,0,1,0.9889630079269409,0.030758999288082123,-0.14493800699710846,0,0.06757999956607819,0.776889979839325,0.6259989738464355,0,0.13185599446296692,-0.6288840174674988,0.7662370204925537,0,0,14.34704875946045,0,1,-0.9366000294685364,0.23161299526691437,-0.262935996055603,0,-0.2275339961051941,-0.9726690053939819,-0.04630199819803238,0,-0.26647400856018066,0.016460999846458435,0.9637020230293274,0,-11.08952808380127,-6.846839904785156,0.7620720267295837,1,0.9991040229797363,-0.04229599982500076,-0.001348000019788742,0,0.0409340001642704,0.9740219712257385,-0.22272400557994843,0,0.010733000002801418,0.2224690020084381,0.9748809933662415,0,0,37.25868225097656,0,1,0.8511459827423096,0.3404969871044159,-0.3995159864425659,0,-0.04050999879837036,0.8014209866523743,0.5967270135879517,0,0.5233640074729919,-0.49171701073646545,0.6959199905395508,0,0,28.637149810791016,0,1,0.9996309876441956,-0.010071000084280968,-0.02524299919605255,0,0.02399599924683571,0.7631329894065857,0.645796000957489,0,0.012760999612510204,-0.6461629867553711,0.7630929946899414,0,0,13.192017555236816,0,1
K0.033,0.9920200109481812,0.12506499886512756,-0.015939999371767044,0,-0.004009000025689602,-0.09507299959659576,-0.9954620003700256,0,-0.12601299583911896,0.9875829815864563,-0.09381300210952759,0,0.10175000131130219,92.12230682373047,0.8552060127258301,1,0.9993579983711243,-0.03405899927020073,-0.011086001060903072,0,0.03409000113606453,0.9994149804115295,0.0026689982041716576,0,0.01098800078034401,-0.003044998040422797,0.99993497133255,0,0,12.324310302734375,-0.13376399874687195,1,0.9994549751281738,-0.010328005999326706,-0.03135500103235245,0,0.01150000561028719,0.9992330074310303,0.03741999715566635,0,0.03094400092959404,-0.03775999695062637,0.9988080263137817,0,0,14.37921142578125,0,1,0.9994699954986572,-0.010281999595463276,-0.030886000022292137,0,0.011446000076830387,0.9992210268974304,0.03777399659156799,0,0.030473999679088593,-0.03810799494385719,0.9988089799880981,0,0,16.43337059020996,0,1,0.96601802110672,-0.08384700864553452,-0.24449700117111206,0,0.07008300721645355,0.9954550266265869,-0.06447699666023254,0,0.24879199266433716,0.0451509989798069,0.9675040245056152,0,0,18.4875545501709,0,1,0.694267988204956,-0.04247698932886124,-0.7184619903564453,0,0.051723986864089966,0.9986199736595154,-0.009057999588549137,0,0.7178549766540527,-0.03087298944592476,0.6955080032348633,0,0,10.193450927734375,2.7413880825042725,1,-0.0024569896049797535,0.00946199893951416,-0.9999520182609558,0,0.9699370265007019,-0.24330998957157135,-0.004684989806264639,0,-0.24334298074245453,-0.969901978969574,-0.008580002002418041,0,8.144542694091797,16.799013137817383,-0.007412000093609095,1,0.7817410230636597,0.4637500047683716,-0.4169139862060547,0,0.10308800637722015,0.5632550120353699,0.8198270201683044,0,0.6150239706039429,-0.6838709712028503,0.3925119936466217,0,0,16.382678985595703,0,1,0.1816059947013855,0.983227014541626,0.016839999705553055,0,-0.9833409786224365,0.18143799901008606,0.01102100033313036,0,0.007780999876558781,-0.018561000004410744,0.999796986579895,0,0,27.731338500976562,0,1,0.977787971496582,0.14477300643920898,0.15156100690364838,0,-0.18454599380493164,0.9374719858169556,0.29510799050331116,0,-0.09936100244522095,-0.3165229856967926,0.9433670043945312,0,0,29.85481071472168,0,1,0.9769030213356018,0.08564099669456482,-0.1957709938287735,0,-0.03400000184774399,0.9667990207672119,0.2532680034637451,0,0.2109609991312027,-0.24076199531555176,0.947380006313324,0,-3.6098620891571045,3.174355983734131,1.4589890241622925,1,0.9848769903182983,-0.1660269945859909,0.049529001116752625,0,0.16336800158023834,0.9851059913635254,0.053630001842975616,0,-0.05769500136375427,-0.04472700133919716,0.997331976890564,0,-0.8901739716529846,3.9190280437469482,0,1,0.9996690154075623,0.025730999186635017,0.0003169999981764704,0,-0.024788999930024147,0.966234028339386,-0.25647199153900146,0,-0.006905999965965748,0.25637900829315186,0.9665520191192627,0,0.14583900570869446,4.226590156555176,0,1,0.9196770191192627,-0.3917100131511688,-0.02754499949514866,0,0.3654380142688751,0.8281030058860779,0.42508798837661743,0,-0.1437010020017624,-0.4010089933872223,0.9047330021858215,0,-2.6934239864349365,8.445516586303711,-0.2821590006351471,1,0.9982140064239502,-0.0588189996778965,-0.010475000366568565,0,0.05872099846601486,0.9336000084877014,0.3534730076789856,0,-0.011012000031769276,-0.3534570038318634,0.9353860020637512,0,0.03263700008392334,4.554193019866943,0,1,0.9989200234413147,-0.045396000146865845,-0.009871999733150005,0,0.045958999544382095,0.9346280097961426,0.3526430130004883,0,-0.0067819999530911446,-0.35271599888801575,0.9357060194015503,0,-0.020963000133633614,4.280861854553223,0,1,0.9221680164337158,-0.3778280019760132,-0.08277899771928787,0,0.3808639943599701,0.8496840000152588,0.3646650016307831,0,-0.06744500249624252,-0.3678100109100342,0.927452027797699,0,2.6934239864349365,8.795151710510254,-0.6727960109710693,1,0.9999989867210388,-0.0015490000369027257,0.000707999977748841,0,0.0011970000341534615,0.9351750016212463,0.35418400168418884,0,-0.0012110000243410468,-0.35418298840522766,0.9351750016212463,0,-0.059852998703718185,5.105563163757324,0,1,0.9991070032119751,-0.04181300103664398,-0.0059980000369250774,0,0.04122599959373474,0.9342820048332214,0.3541429936885834,0,-0.009204000234603882,-0.35407400131225586,0.9351720213890076,0,0.0606519989669323,4.097879886627197,0,1,0.05140799656510353,-0.013162999413907528,0.9985910058021545,0,-0.9331520199775696,-0.3568600118160248,0.043334994465112686,0,0.3557870090007782,-0.9340649843215942,-0.030628997832536697,0,-8.144542694091797,16.79924964904785,-0.02924099937081337,1,0.685912013053894,-0.3781439960002899,0.6217169761657715,0,-0.03457300364971161,0.8364769816398621,0.5469099879264832,0,-0.7268620133399963,-0.3966270089149475,0.5606769919395447,0,0,16.382678985595703,0,1,-0.2143310010433197,-0.976535975933075,-0.020976999774575233,0,0.9766299724578857,-0.21460500359535217,0.011801999993622303,0,-0.016025999560952187,-0.01795700006186962,0.9997100234031677,0,0,27.733232498168945,0,1,0.6693440079689026,-0.457738995552063,-0.585195004940033,0,0.5028839707374573,0.8589320182800293,-0.09666001051664352,0,0.546887993812561,-0.22958600521087646,0.8051109910011292,0,0,29.846614837646484,0,1,0.9833019971847534,-0.12631000578403473,0.13100899755954742,0,0.09650799632072449,0.9722660183906555,0.21303799748420715,0,-0.15428400039672852,-0.19683800637722015,0.9682210087776184,0,3.235650062561035,3.2195980548858643,1.3304729461669922,1,0.9461429715156555,0.32029300928115845,-0.047171998769044876,0,-0.31620100140571594,0.9455029964447021,0.07772599905729294,0,0.0694969967007637,-0.05862399935722351,0.9958580136299133,0,0.6180350184440613,3.7530570030212402,0,1,0.888841986656189,0.4419330060482025,-0.12105800211429596,0,-0.45669201016426086,0.8759289979934692,-0.15550200641155243,0,0.037317000329494476,0.19350199401378632,0.9803900122642517,0,0.16515199840068817,4.5723981857299805,0,1,0.9533889889717102,0.30038800835609436,0.028564000502228737,0,-0.26596799492836,0.7918679714202881,0.5497329831123352,0,0.14251400530338287,-0.5317069888114929,0.8348519802093506,0,2.698096990585327,8.781547546386719,-0.20723700523376465,1,0.999692976474762,0.024486999958753586,0.0037320000119507313,0,-0.02446799911558628,0.9528070092201233,0.302590012550354,0,0.0038530000019818544,-0.30258798599243164,0.9531139731407166,0,-0.023916000500321388,4.534718990325928,0,1,0.999925971031189,0.011838000267744064,0.002879000036045909,0,-0.012153999879956245,0.953004002571106,0.302715003490448,0,0.0008399999933317304,-0.30272799730300903,0.9530770182609558,0,0.019384000450372696,4.392448902130127,0,1,0.9559159874916077,0.2929239869117737,0.02048400044441223,0,-0.259568989276886,0.810329020023346,0.5253480076789856,0,0.13728800415992737,-0.5075060129165649,0.8506410121917725,0,-2.698096990585327,9.784463882446289,-0.2094939947128296,1,0.9998149871826172,0.019006000831723213,0.002814000006765127,0,-0.01896600052714348,0.9528509974479675,0.30284398794174194,0,0.0030739998910576105,-0.30284199118614197,0.9530360102653503,0,-0.02246600016951561,4.815895080566406,0,1,0.9999409914016724,0.010502000339329243,0.0026199999265372753,0,-0.010803000070154667,0.9529669880867004,0.30288100242614746,0,0.0006840000278316438,-0.30289098620414734,0.9530249834060669,0,0.013038000091910362,3.8573710918426514,0,1,-0.9462739825248718,-0.20716999471187592,0.24828599393367767,0,0.1702899932861328,-0.9719849824905396,-0.16200800240039825,0,0.27489298582077026,-0.11102300137281418,0.9550430178642273,0,11.08952808380127,-6.846839904785156,0.8038560152053833,1,0.998682975769043,0.039434000849723816,-0.03280700743198395,0,-0.043338000774383545,0.9907850027084351,-0.12832699716091156,0,0.027444008737802505,0.12958000600337982,0.9911890029907227,0,0,37.25887680053711,0,1,0.8415049910545349,-0.33016398549079895,0.4276230037212372,0,-0.0065320017747581005,0.7852529883384705,0.6191409826278687,0,-0.5402100086212158,-0.5238040089607239,0.6586369872093201,0,0,28.647293090820312,0,1,0.9889619946479797,0.030758999288082123,-0.14493800699710846,0,0.06757999956607819,0.776889979839325,0.6259989738464355,0,0.13185599446296692,-0.6288840174674988,0.7662370204925537,0,0,14.34704875946045,0,1,-0.936618983745575,0.23152300715446472,-0.2629460096359253,0,-0.22744600474834442,-0.9726899862289429,-0.0462849996984005,0,-0.26648199558258057,0.016454000025987625,0.963699996471405,0,-11.08952808380127,-6.846839904785156,0.7620720267295837,1,0.9990469813346863,-0.04329700022935867,-0.005546999629586935,0,0.04098299890756607,0.9741320013999939,-0.22223100066184998,0,0.015026000328361988,0.22179199755191803,0.9749780297279358,0,0,37.25868225097656,0,1,0.8526059985160828,0.3405410051345825,-0.39635100960731506,0,-0.04298999905586243,0.8016290068626404,0.5962740182876587,0,0.520783007144928,-0.49134698510169983,0.6981139779090881,0,0,28.637149810791016,0,1,0.9996309876441956,-0.01006999984383583,-0.02524399943649769,0,0.02399599924683571,0.7631319761276245,0.6457970142364502,0,0.012760999612510204,-0.6461640000343323,0.7630919814109802,0,0,13.192017555236816,0,1
K0.067,0.9920200109481812,0.12506499886512756,-0.015938999131321907,0,-0.004007999785244465,-0.09507299959659576,-0.9954620003700256,0,-0.12601299583911896,0.9875829815864563,-0.09381300210952759,0,0.10154099762439728,92.12345886230469,0.8553140163421631,1,0.9993579983711243,-0.03405899927020073,-0.011154999025166035,0,0.034088000655174255,0.9994159936904907,0.0024780018720775843,0,0.011063999496400356,-0.0028570019640028477,0.99993497133255,0,0,12.324310302734375,-0.13376399874687195,1,0.9994480013847351,-0.010894994251430035,-0.03137600049376488,0,0.012050994671881199,0.9992460012435913,0.03690400347113609,0,0.030950000509619713,-0.037261005491018295,0.9988260269165039,0,0,14.37921142578125,0,1,0.9994699954986572,-0.010292000137269497,-0.030882999300956726,0,0.011446000076830387,0.9992330074310303,0.03744800388813019,0,0.030473999679088593,-0.0377810038626194,0.9988210201263428,0,0,16.43337059020996,0,1,0.9659770131111145,-0.0844079926609993,-0.24446600675582886,0,0.07064599543809891,0.9954109787940979,-0.0645420029759407,0,0.24879199266433716,0.045076001435518265,0.967507004737854,0,0,18.4875545501709,0,1,0.6938480138778687,-0.041404012590646744,-0.7189300060272217,0,0.050180014222860336,0.9986990094184875,-0.009085999801754951,0,0.7183709740638733,-0.029772011563181877,0.6950230002403259,0,0,10.193450927734375,2.7413880825042725,1,-0.001409010379575193,0.009401001036167145,-0.9999549984931946,0,0.9701330065727234,-0.24254702031612396,-0.0036470103077590466,0,-0.24257001280784607,-0.9700940251350403,-0.00877899769693613,0,8.144542694091797,16.799013137817383,-0.007412000093609095,1,0.7819079756736755,0.4631510078907013,-0.41726499795913696,0,0.1042029932141304,0.562824010848999,0.8199819922447205,0,0.6146230101585388,-0.6846309900283813,0.3918150067329407,0,0,16.382678985595703,0,1,0.18139399588108063,0.9832659959793091,0.01684200018644333,0,-0.9833800196647644,0.1812260001897812,0.01102100033313036,0,0.0077840001322329044,-0.018561000004410744,0.999796986579895,0,0,27.731338500976562,0,1,0.9779080152511597,0.14417600631713867,0.15136000514030457,0,-0.183911994099617,0.9375879764556885,0.2951340079307556,0,-0.09936200082302094,-0.3164510130882263,0.9433910250663757,0,0,29.85481071472168,0,1,0.9769030213356018,0.08564099669456482,-0.1957709938287735,0,-0.034001000225543976,0.9667980074882507,0.2532680034637451,0,0.2109609991312027,-0.24076199531555176,0.947380006313324,0,-3.6098620891571045,3.174355983734131,1.4589890241622925,1,0.9848769903182983,-0.1660269945859909,0.049529001116752625,0,0.16336899995803833,0.9851059913635254,0.05362899973988533,0,-0.05769500136375427,-0.04472700133919716,0.997331976890564,0,-0.8901739716529846,3.9190280437469482,0,1,0.9996690154075623,0.025730999186635017,0.0003169999981764704,0,-0.024788999930024147,0.966234028339386,-0.25647199153900146,0,-0.006905999965965748,0.25637900829315186,0.9665520191192627,0,0.14583900570869446,4.226590156555176,0,1,0.9196770191192627,-0.3917100131511688,-0.02754499949514866,0,0.3654380142688751,0.8281030058860779,0.42508798837661743,0,-0.1437010020017624,-0.4010089933872223,0.9047330021858215,0,-2.6934239864349365,8.445516586303711,-0.2821590006351471,1,0.9982140064239502,-0.0588189996778965,-0.010475000366568565,0,0.05872099846601486,0.9336000084877014,0.3534730076789856,0,-0.011012000031769276,-0.3534570038318634,0.9353860020637512,0,0.03263700008392334,4.554193019866943,0,1,0.9989200234413147,-0.045396000146865845,-0.009871999733150005,0,0.04596000164747238,0.9346290230751038,0.3526430130004883,0,-0.0067819999530911446,-0.35271599888801575,0.9357060194015503,0,-0.020963000133633614,4.280861854553223,0,1,0.9221680164337158,-0.3778280019760132,-0.08277899771928787,0,0.3808639943599701,0.8496840000152588,0.3646650016307831,0,-0.06744399666786194,-0.3678100109100342,0.927452027797699,0,2.6934239864349365,8.795151710510254,-0.6727960109710693,1,0.9999989867210388,-0.0015480000292882323,0.000707999977748841,0,0.0011970000341534615,0.9351750016212463,0.35418400168418884,0,-0.0012110000243410468,-0.35418298840522766,0.9351750016212463,0,-0.059852998703718185,5.105563163757324,0,1,0.9991070032119751,-0.04181300103664398,-0.0059980000369250774,0,0.04122599959373474,0.9342820048332214,0.3541420102119446,0,-0.009204000234603882,-0.35407400131225586,0.9351720213890076,0,0.0606519989669323,4.097879886627197,0,1,0.05120700225234032,-0.013095000758767128,0.9986019730567932,0,-0.9328240156173706,-0.35774001479148865,0.043143004179000854,0,0.35667499899864197,-0.9337289929389954,-0.03053400106728077,0,-8.144542694091797,16.79924964904785,-0.02924099937081337,1,0.6855239868164062,-0.377687007188797,0.6224210262298584,0,-0.03490399569272995,0.8368840217590332,0.5462669730186462,0,-0.7272120118141174,-0.39620399475097656,0.5605210065841675,0,0,16.382678985595703,0,1,-0.21417400240898132,-0.9765700101852417,-0.020975999534130096,0,0.9766640067100525,-0.2144480049610138,0.011801999993622303,0,-0.016023999080061913,-0.01795800030231476,0.9997100234031677,0,0,27.733232498168945,0,1,0.6687390208244324,-0.45788198709487915,-0.5857750177383423,0,0.5029850006103516,0.8588240146636963,-0.09709098935127258,0,0.5475339889526367,-0.2297080010175705,0.8046370148658752,0,0,29.846614837646484,0,1,0.9833019971847534,-0.12631000578403473,0.13100899755954742,0,0.09650799632072449,0.9722660183906555,0.21303799748420715,0,-0.15428400039672852,-0.19683699309825897,0.9682210087776184,0,3.235650062561035,3.2195980548858643,1.3304729461669922,1,0.9461439847946167,0.32029199600219727,-0.047171998769044876,0,-0.31619998812675476,0.9455029964447021,0.07772599905729294,0,0.06949599832296371,-0.05862399935722351,0.9958580136299133,0,0.6180350184440613,3.7530570030212402,0,1,0.888841986656189,0.4419330060482025,-0.12105800211429596,0,-0.45669201016426086,0.8759289979934692,-0.15550200641155243,0,0.037317000329494476,0.19350199401378632,0.9803900122642517,0,0.16515199840068817,4.5723981857299805,0,1,0.9533889889717102,0.30038800835609436,0.028565000742673874,0,-0.2659670114517212,0.7918679714202881,0.5497329831123352,0,0.14251400530338287,-0.5317069888114929,0.8348519802093506,0,2.698096990585327,8.781547546386719,-0.20723700523376465,1,0.999692976474762,0.024486999958753586,0.0037320000119507313,0,-0.02446799911558628,0.9528070092201233,0.302590012550354,0,0.003854000009596348,-0.30258798599243164,0.9531139731407166,0,-0.023916000500321388,4.534718990325928,0,1,0.999925971031189,0.011838000267744064,0.002879000036045909,0,-0.012153999879956245,0.953004002571106,0.302715003490448,0,0.0008399999933317304,-0.30272799730300903,0.9530770182609558,0,0.019384000450372696,4.392448902130127,0,1,0.9559159874916077,0.2929230034351349,0.02048400044441223,0,-0.2595680058002472,0.8103299736976624,0.5253480076789856,0,0.13728800415992737,-0.5075060129165649,0.8506410121917725,0,-2.698096990585327,9.784463882446289,-0.2094939947128296,1,0.9998149871826172,0.019006000831723213,0.002814000006765127,0,-0.01896600052714348,0.9528509974479675,0.30284398794174194,0,0.0030739998910576105,-0.30284199118614197,0.9530360102653503,0,-0.02246600016951561,4.815895080566406,0,1,0.9999409914016724,0.010502000339329243,0.0026199999265372753,0,-0.010803000070154667,0.9529669880867004,0.30288100242614746,0,0.0006840000278316438,-0.30289098620414734,0.9530249834060669,0,0.013038000091910362,3.8573710918426514,0,1,-0.9462680220603943,-0.20713700354099274,0.2483370006084442,0,0.1703210026025772,-0.9720199704170227,-0.161763995885849,0,0.2748959958553314,-0.11077500134706497,0.955070972442627,0,11.08952808380127,-6.846839904785156,0.8038560152053833,1,0.9986590147018433,0.03927300125360489,-0.033720992505550385,0,-0.04331199824810028,0.9907169938087463,-0.12885700166225433,0,0.028347991406917572,0.13014499843120575,0.9910899996757507,0,0,37.25887680053711,0,1,0.8415520191192627,-0.3301999866962433,0.42750200629234314,0,-0.0066979979164898396,0.7849730253219604,0.6194940209388733,0,-0.5401340126991272,-0.5242000222206116,0.6583840250968933,0,0,28.647293090820312,0,1,0.9889630079269409,0.030758999288082123,-0.14493800699710846,0,0.06758099794387817,0.776889979839325,0.6259989738464355,0,0.13185599446296692,-0.6288849711418152,0.7662360072135925,0,0,14.34704875946045,0,1,-0.9366220235824585,0.23151199519634247,-0.2629469931125641,0,-0.2274399995803833,-0.9726920127868652,-0.046264998614788055,0,-0.2664780020713806,0.016472000628709793,0.963699996471405,0,-11.08952808380127,-6.846839904785156,0.7620720267295837,1,0.9990469813346863,-0.04328899830579758,-0.005523000378161669,0,0.04098299890756607,0.9741520285606384,-0.2221439927816391,0,0.0149959996342659,0.22170600295066833,0.9749979972839355,0,0,37.25868225097656,0,1,0.8524770140647888,0.3405340015888214,-0.3966360092163086,0,-0.04284299910068512,0.8016849756240845,0.5962089896202087,0,0.5210070013999939,-0.49126100540161133,0.6980069875717163,0,0,28.637149810791016,0,1,0.9996309876441956,-0.01006999984383583,-0.02524399943649769,0,0.02399599924683571,0.7631329894065857,0.645796000957489,0,0.012760999612510204,-0.6461629867553711,0.7630919814109802,0,0,13.192017555236816,0,1
