0.633,30,18,49
B0,mixamorig_Hips,-1,0.9912376403808594,0.04033359885215759,-0.12563596665859222,0,-0.012995035387575626,0.9773584008216858,0.21100018918514252,0,0.131269171833992,-0.20754192769527435,0.9693395495414734,0,1.2999647855758667,89.30826568603516,226.53916931152344,1
B1,mixamorig_Spine,0,0.9565194249153137,-0.042859990149736404,0.28809022903442383,0,0.08608194440603256,0.9865177273750305,-0.1384245604276657,0,-0.27837786078453064,0.15712299942970276,0.9473447203636169,0,0,10.91888427734375,-1.230828046798706,1
B2,mixamorig_Spine1,1,0.9975724816322327,0.05133812129497528,0.04672778770327568,0,-0.05337764322757721,0.9976115226745605,0.043450165539979935,0,-0.04439913481473923,-0.045835673809051514,0.9979588985443115,0,0,12.819379806518555,0,1
B3,mixamorig_Spine2,2,0.9977966547012329,0.04414922371506691,0.04911310225725174,0,-0.04945122078061104,0.9923917651176453,0.11242836713790894,0,-0.04381449520587921,-0.11460769921541214,0.9924260377883911,0,0,14.65070629119873,0,1
B4,mixamorig_Neck,3,0.9993780255317688,-0.017738575115799904,-0.030395781621336937,0,0.020536014810204506,0.9953428506851196,0.09407541900873184,0,0.028579892590641975,-0.09464338421821594,0.9950894713401794,0,0,16.4820556640625,0.0000019999999949504854,1
B5,mixamorig_Head,4,0.9842619299888611,-0.0742623433470726,-0.1598377376794815,0,0.026613719761371613,0.9587961435317993,-0.2823483943939209,0,0.1743658185005188,0.27374467253685,0.9457218050956726,0,0,7.261107921600342,2.060839891433716,1
B6,mixamorig_HeadTop_End,5,1,0,0,0,0,1,0,0,0,0,1,0,0,31.970184326171875,9.07374095916748,1
B7,mixamorig_LeftShoulder,3,0.018707269802689552,0.027354320511221886,-0.9993441700935364,0,0.9483288526535034,-0.31676018238067627,0.00899619609117508,0,-0.31625670194625854,-0.9480408430099487,-0.031996723264455795,0,6.944186210632324,14.408050537109375,-0.23530399799346924,1
B8,mixamorig_LeftArm,7,0.885043740272522,0.34039390087127686,0.28531888127326965,0,-0.43927469849586487,0.7294043898582458,0.5069560408592224,0,-0.03870538994669914,-0.5911716222763062,0.8003711104393005,0,0,14.708072662353516,0,1
B9,mixamorig_LeftForeArm,8,-0.42961883544921875,0.8844809532165527,0.18131741881370544,0,-0.8848433494567871,-0.452388733625412,0.11021469533443451,0,0.1795397847890854,-0.11308750510215759,0.9772271513938904,0,0,34.312294006347656,0,1
B10,mixamorig_LeftHand,9,0.9841952919960022,-0.10618656128644943,0.1265534609556198,0,0.13120324909687042,0.9710027575492859,-0.19378098845481873,0,-0.10106810182332993,0.20942503213882446,0.9708200097084045,0,0,24.291616439819336,0,1
B11,mixamorig_LeftHandThumb1,10,0.9888725876808167,-0.03903944045305252,-0.14314435422420502,0,0.04745898395776749,0.9972505569458008,0.05532170087099075,0,0.14068633317947388,-0.061449285596609116,0.9880584478378296,0,-3.429147958755493,4.241098880767822,1.3000069856643677,1
B12,mixamorig_LeftHandThumb2,11,0.9963931441307068,-0.07617127895355225,0.023233747109770775,0,0.07526567578315735,0.996082067489624,0.037244755774736404,0,-0.02601655386388302,-0.03512044623494148,0.9989973306655884,0,-0.48837101459503174,4.458755970001221,0,1
B13,mixamorig_LeftHandThumb3,12,0.99944669008255,0.021339895203709602,0.020875388756394386,0,-0.02048199065029621,0.998869776725769,-0.04052929952740669,0,-0.02172589860856533,0.04014720395207405,0.9989484548568726,0,0.10088100284337997,4.718812942504883,0,1
B14,mixamorig_LeftHandThumb4,13,1,0,0,0,0,1,0,0,0,0,1,0,0.38749000430107117,3.7217469215393066,0,1
B15,mixamorig_LeftHandIndex1,10,0.9704660177230835,-0.23996640741825104,-0.02472740039229393,0,0.24013440310955048,0.9707310199737549,0.004047599621117115,0,0.023032400757074356,-0.009866000153124332,0.9996860027313232,0,-2.9764649868011475,11.908403396606445,-0.3318359851837158,1
B16,mixamorig_LeftHandIndex2,15,0.9997469782829285,-0.022426599636673927,-0.0017519999528303742,0,0.022446999326348305,0.9895309805870056,0.14256659150123596,0,-0.0014639999717473984,-0.14257000386714935,0.9897840023040771,0,0.0068259998224675655,4.1543660163879395,0,1
B17,mixamorig_LeftHandIndex3,16,0.9998850226402283,0.015150000341236591,0.00025400001322850585,0,-0.01515199989080429,0.9997479915618896,0.016572000458836555,0,-0.000003000000106112566,-0.01657399907708168,0.9998630285263062,0,-0.031504999846220016,4.142152786254883,0,1
B18,mixamorig_LeftHandIndex4,17,1,0,0,0,0,1,0,0,0,0,1,0,0.024678999558091164,2.7168149948120117,0,1
B19,mixamorig_LeftHandMiddle1,10,0.9653279781341553,-0.2523404061794281,-0.06683400273323059,0,0.253095418214798,0.9674370288848877,0.002940000034868717,0,0.06391540169715881,-0.019752999767661095,0.997759997844696,0,2.9764649868011475,12.149983406066895,-0.3635990023612976,1
B20,mixamorig_LeftHandMiddle2,19,0.9999539852142334,0.009551400318741798,-0.0003530000103637576,0,-0.009402000345289707,0.9896360039710999,0.1432880014181137,0,0.0017180000431835651,-0.14327800273895264,0.9896810054779053,0,-0.04589100182056427,3.8907089233398438,0,1
B21,mixamorig_LeftHandMiddle3,20,0.9999979734420776,0.002056000055745244,0.0003020000003743917,0,-0.002061000093817711,0.9998599886894226,0.016623999923467636,0,-0.0002680000034160912,-0.016625000163912773,0.999862015247345,0,0.020517000928521156,4.139756202697754,0,1
B22,mixamorig_LeftHandMiddle4,21,1,0,0,0,0,1,0,0,0,0,1,0,0.025374000892043114,3.239130973815918,0,1
B23,mixamorig_RightShoulder,3,-0.004589563701301813,-0.008928260765969753,0.9999293684959412,0,-0.9754112362861633,-0.21950656175613403,-0.006500411778688431,0,0.219538152217865,-0.9754025936126709,-0.007795900572091341,0,-6.944186210632324,14.407713890075684,-0.23231400549411774,1
B24,mixamorig_RightArm,23,0.3834736943244934,0.5612379312515259,0.7294284701347351,0,-0.9092897176742554,0.3480592966079712,0.21341755986213684,0,-0.13329343497753143,-0.750761091709137,0.6433466672897339,0,0,14.708072662353516,0,1
B25,mixamorig_RightForeArm,24,-0.09080871939659119,-0.986050009727478,-0.13834160566329956,0,0.9865004420280457,-0.10794076323509216,0.12181592732667923,0,-0.13508936762809753,-0.12541213631629944,0.9828619360923767,0,0,34.305938720703125,0,1
B26,mixamorig_RightHand,25,0.996980607509613,0.052325423806905746,-0.03688616305589676,0,-0.060844484716653824,0.9483254551887512,-0.311185359954834,0,0.018652450293302536,0.31224435567855835,0.9487674832344055,0,0,24.290523529052734,0,1
B27,mixamorig_RightHandThumb1,26,0.9886302947998047,0.09446104615926743,0.11436937749385834,0,-0.12613269686698914,0.9401409029960632,0.3156435191631317,0,-0.07749593257904053,-0.3263091444969177,0.9418597221374512,0,3.4751429557800293,4.656501770019531,1.4416580200195312,1
B28,mixamorig_RightHandThumb2,27,0.9727092385292053,0.2210572063922882,-0.06404925137758255,0,-0.22292064130306244,0.9741578698158264,-0.023426763713359833,0,0.05721965804696083,0.03736286237835884,0.997614324092865,0,0.7077720165252686,4.7366042137146,0,1
B29,mixamorig_RightHandThumb3,28,0.9957013726234436,-0.07086154073476791,-0.05780281499028206,0,0.06545539200305939,0.9936400651931763,-0.0905286967754364,0,0.06385287642478943,0.08643262833356857,0.9941997528076172,0,-0.07647199928760529,4.860551834106445,0,1
B30,mixamorig_RightHandThumb4,29,1,0,0,0,0,1,0,0,0,0,1,0,-0.6312999725341797,3.1993589401245117,0,1
B31,mixamorig_RightHandIndex1,26,0.971001923084259,0.237669438123703,0.025860629975795746,0,-0.2390398234128952,0.9634926319122314,0.12047804892063141,0,0.0037194378674030304,-0.12316517531871796,0.9923660755157471,0,3.009002923965454,13.303518295288086,-0.33683499693870544,1
B32,mixamorig_RightHandIndex2,31,0.9993777871131897,0.034556418657302856,0.007064694073051214,0,-0.03471442312002182,0.9282271862030029,0.37035509943962097,0,0.006242687813937664,-0.37036988139152527,0.9288493990898132,0,0.002053000032901764,3.9592320919036865,0,1
B33,mixamorig_RightHandIndex3,32,1,0.00040052010444924235,-0.00025639639352448285,0,-0.0003807195753324777,0.9973607063293457,0.07255993783473969,0,0.0002852058969438076,-0.07255993783473969,0.9973607063293457,0,0.007724999915808439,3.7065179347991943,0,1
B34,mixamorig_RightHandIndex4,33,1,0,0,0,0,1,0,0,0,0,1,0,-0.00977800041437149,2.423612117767334,0,1
B35,mixamorig_RightHandMiddle1,26,0.9705663323402405,0.23550637066364288,0.050376225262880325,0,-0.23998482525348663,0.9632656574249268,0.12041504681110382,0,-0.020165160298347473,-0.12896037101745605,0.9914312362670898,0,-3.009002923965454,13.090056419372559,-0.3235509991645813,1
B36,mixamorig_RightHandMiddle2,35,0.9997479915618896,0.02200736105442047,0.0044772629626095295,0,-0.022096961736679077,0.9283263683319092,0.3710740804672241,0,0.004011260811239481,-0.37107908725738525,0.9285783767700195,0,0.0055599999614059925,3.7237939834594727,0,1
B37,mixamorig_RightHandMiddle3,36,0.9999921917915344,0.003960686270147562,0.00006820459384471178,0,-0.003955285996198654,0.9973425269126892,0.0726989358663559,0,0.00022020714823156595,-0.0726989358663559,0.9973509311676025,0,-0.0020000000949949026,3.8556220531463623,0,1
B38,mixamorig_RightHandMiddle4,37,1,0,0,0,0,1,0,0,0,0,1,0,-0.0035600000992417336,2.850954055786133,0,1
B39,mixamorig_LeftUpLeg,0,-0.9950057864189148,-0.07678085565567017,0.06272777169942856,0,0.0449921116232872,-0.9144867658615112,-0.4012107253074646,0,0.08828867971897125,-0.3963395059108734,0.9134050011634827,0,10.04116153717041,-6.074303150177002,-2.5494260787963867,1
B40,mixamorig_LeftLeg,39,0.9883916974067688,-0.1309662014245987,-0.07020135968923569,0,0.029556311666965485,0.6532944440841675,-0.7232851982116699,0,0.14480508863925934,0.7122060656547546,0.6498714685440063,0,0,40.89251708984375,0,1
B41,mixamorig_LeftFoot,40,0.9970080256462097,0.031041966751217842,-0.06298450380563736,0,0.009342360310256481,0.8316908478736877,0.5540204644203186,0,0.07022224366664886,-0.5531216859817505,0.8298205137252808,0,0,34.62055206298828,0,1
B42,mixamorig_LeftToeBase,41,0.999127209186554,-0.00009854575910139829,0.04176890477538109,0,-0.021261831745505333,0.8595271706581116,0.5106359720230103,0,-0.03595270216464996,-0.5110783576965332,0.8587749600410461,0,0,16.09818458557129,0,1
B43,mixamorig_LeftToe_End,42,1,0,0,0,0,1,0,0,0,0,1,0,0,7.824993133544922,0,1
B44,mixamorig_RightUpLeg,0,-0.9791560769081116,0.20151524245738983,0.015318184159696102,0,-0.10495650768280029,-0.5697307586669922,0.8103845119476318,0,0.17376133799552917,0.7919044494628906,0.5791359543800354,0,-10.04116153717041,-6.074303150177002,-2.164233922958374,1
B45,mixamorig_RightLeg,44,0.9792436361312866,0.031915534287691116,-0.19113285839557648,0,-0.18036587536334991,0.5844005942344666,-0.7374268174171448,0,0.08766128122806549,0.756640613079071,0.5780482888221741,0,0,40.90545654296875,0,1
B46,mixamorig_RightFoot,45,0.9935750961303711,0.10377995669841766,-0.032565727829933167,0,-0.02337467484176159,0.49637049436569214,0.8672352433204651,0,0.10646096616983414,-0.8615759611129761,0.49624571204185486,0,0,34.61872863769531,0,1
B47,mixamorig_RightToeBase,46,0.9991400241851807,0.0003808319743257016,-0.04146090894937515,0,0.021858565509319305,0.8448696732521057,0.5345247983932495,0,0.03523271530866623,-0.5349709987640381,0.8441346883773804,0,0,15.64346694946289,0,1
B48,mixamorig_RightToe_End,47,1,0,0,0,0,1,0,0,0,0,1,0,0,7.542731761932373,0,1
@40,0,1,2,3,4,5,7,8,9,10,11,12,13,15,16,17,19,20,21,23,24,25,26,27,28,29,31,32,33,35,36,37,39,40,41,42,44,45,46,47
K0.000,0.9929370284080505,-0.02649099938571453,0.11564300209283829,0,0.010685999877750874,0.9907600283622742,0.13520599901676178,0,-0.11815699934959412,-0.13301600515842438,0.9840459823608398,0,-0.0182460006326437,87.06726837158203,3.083401918411255,1,0.9675049781799316,0.02960900031030178,-0.25111299753189087,0,0.0025710000190883875,0.9919170141220093,0.12686100602149963,0,0.2528400123119354,-0.12338399887084961,0.9596080183982849,0,0,10.91888427734375,-1.230828046798706,1,0.9992430210113525,0.02510800026357174,-0.029722999781370163,0,-0.026823999360203743,0.9979069828987122,-0.058830998837947845,0,0.028183000162243843,0.05958399921655655,0.997825026512146,0,0,12.819379806518555,0,1,0.9992899894714355,0.02293200045824051,-0.0298909991979599,0,-0.024640999734401703,0.9980049729347229,-0.05812099948525429,0,0.028498999774456024,0.058816999197006226,0.9978619813919067,0,0,14.65070629119873,0,1,0.9976379871368408,-0.06051899865269661,0.03248399868607521,0,0.05329800024628639,0.9804009795188904,0.18966799974441528,0,-0.0433260016143322,-0.18748900294303894,0.981311023235321,0,0,16.4820556640625,0.0000019999999949504854,1,0.993232011795044,0.034669000655412674,0.11084800213575363,0,0.004900000058114529,0.9410520195960999,-0.3382270038127899,0,-0.11603999882936478,0.3364810049533844,0.9345129728317261,0,0,7.261107921600342,2.060839891433716,1,0.10516899824142456,0.04717399924993515,-0.9933350086212158,0,0.9308620095252991,-0.35613399744033813,0.08164100348949432,0,-0.3499079942703247,-0.933243989944458,-0.08136700093746185,0,6.944186210632324,14.408050537109375,-0.23530399799346924,1,0.420197993516922,-0.3964720070362091,-0.8162369728088379,0,0.8339329957962036,0.5233500003814697,0.17509999871253967,0,0.35775598883628845,-0.7542639970779419,0.5505419969558716,0,0,14.708072662353516,0,1,0.31329500675201416,0.9454969763755798,0.08878099918365479,0,-0.9458839893341064,0.30235999822616577,0.11781899631023407,0,0.08455300331115723,-0.12088900059461594,0.9890580177307129,0,0,34.312294006347656,0,1,0.9842820167541504,0.17004799842834473,0.04766400158405304,0,-0.1724739968776703,0.9836159944534302,0.05246699973940849,0,-0.037960998713970184,-0.059863001108169556,0.9974849820137024,0,0,24.291616439819336,0,1,0.9766349792480469,0.13882100582122803,-0.16405199468135834,0,-0.08274400234222412,0.9474179744720459,0.309116005897522,0,0.19833700358867645,-0.2883189916610718,0.9367679953575134,0,-3.429147958755493,4.241098880767822,1.3000069856643677,1,0.9997209906578064,-0.022655999287962914,0.006723999977111816,0,0.022415999323129654,0.9991779923439026,0.03378000110387802,0,-0.007482999935746193,-0.03361999988555908,0.9994069933891296,0,-0.48837101459503174,4.458755970001221,0,1,0.998786985874176,0.047846999019384384,0.011628000065684319,0,-0.04732700064778328,0.9980159997940063,-0.04152600094676018,0,-0.013592000119388103,0.04092499986290932,0.9990699887275696,0,0.10088100284337997,4.718812942504883,0,1,0.9688630104064941,-0.24634499847888947,-0.02487099915742874,0,0.24753400683403015,0.9659929871559143,0.07472799718379974,0,0.005615999922156334,-0.07855799794197083,0.9968940019607544,0,-2.9764649868011475,11.908403396606445,-0.3318359851837158,1,0.9995790123939514,-0.028821999207139015,-0.0034539999905973673,0,0.028898000717163086,0.976768970489502,0.21233800053596497,0,-0.0027459999546408653,-0.21234899759292603,0.9771900177001953,0,0.0068259998224675655,4.1543660163879395,0,1,0.9999300241470337,0.011838000267744064,0.00046300000394694507,0,-0.011846000328660011,0.9985759854316711,0.0520160011947155,0,0.0001539999939268455,-0.052018001675605774,0.9986460208892822,0,-0.031504999846220016,4.142152786254883,0,1,0.9643599987030029,-0.25575900077819824,-0.06780800223350525,0,0.26048600673675537,0.9626669883728027,0.07361400127410889,0,0.046448998153209686,-0.08865399658679962,0.9949790239334106,0,2.9764649868011475,12.149983406066895,-0.3635990023612976,1,0.9999819993972778,0.0059980000369250774,-0.0006389999762177467,0,-0.005723999813199043,0.9769740104675293,0.21328100562095642,0,0.0019039999460801482,-0.21327300369739532,0.9769909977912903,0,-0.04589100182056427,3.8907089233398438,0,1,1,0.00026699999580159783,0.0005200000014156103,0,-0.00029399999766610563,0.9986379742622375,0.05217599868774414,0,-0.0005050000036135316,-0.05217599868774414,0.9986379742622375,0,0.020517000928521156,4.139756202697754,0,1,0.043577998876571655,-0.02656400017440319,0.9986969828605652,0,-0.9372580051422119,-0.34719499945640564,0.031661998480558395,0,0.3459010124206543,-0.9374169707298279,-0.04002700001001358,0,-6.944186210632324,14.407713890075684,-0.23231400549411774,1,0.9767699837684631,-0.14000500738620758,-0.1622299998998642,0,0.20923100411891937,0.786628007888794,0.5808950066566467,0,0.04628700017929077,-0.6013439893722534,0.797648012638092,0,0,14.708072662353516,0,1,-0.026482999324798584,-0.9911080002784729,-0.1303980052471161,0,0.9915609955787659,-0.042603999376297,0.12244100123643875,0,-0.12690800428390503,-0.12605500221252441,0.9838719964027405,0,0,34.305938720703125,0,1,0.9522119760513306,-0.3046720027923584,-0.021606000140309334,0,0.27802300453186035,0.8938660025596619,-0.35172000527381897,0,0.12647199630737305,0.32890498638153076,0.9358559846878052,0,0,24.290523529052734,0,1,0.9742100238800049,0.030619999393820763,0.22355400025844574,0,-0.07345899939537048,0.9798150062561035,0.18591800332069397,0,-0.21334899961948395,-0.19754500687122345,0.9567959904670715,0,3.4751429557800293,4.656501770019531,1.4416580200195312,1,0.9997689723968506,0.013654000125825405,0.016620999202132225,0,-0.013074999675154686,0.9993190169334412,-0.03450300171971321,0,-0.01708099991083145,0.03427699953317642,0.9992660284042358,0,0.7077720165252686,4.7366042137146,0,1,0.984512984752655,-0.1745149940252304,-0.016697000712156296,0,0.17244599759578705,0.9811670184135437,-0.08703300356864929,0,0.031571000814437866,0.08280599862337112,0.9960650205612183,0,-0.07647199928760529,4.860551834106445,0,1,0.972885012626648,0.2299100011587143,0.025203000754117966,0,-0.2306399941444397,0.9725319743156433,0.031415000557899475,0,-0.017287999391555786,-0.036375999450683594,0.999189019203186,0,3.009002923965454,13.303518295288086,-0.33683499693870544,1,0.999625027179718,0.027048999443650246,0.004253999795764685,0,-0.027137000113725662,0.9578999876976013,0.2858180105686188,0,0.0036559998989105225,-0.2858259975910187,0.9582740068435669,0,0.002053000032901764,3.9592320919036865,0,1,0.9999930262565613,-0.003622000105679035,-0.00027799999224953353,0,0.003628999926149845,0.9996060132980347,0.027828000485897064,0,0.00017699999443721026,-0.027828000485897064,0.9996129870414734,0,0.007724999915808439,3.7065179347991943,0,1,0.9719409942626953,0.22989299893379211,0.049800001084804535,0,-0.2315869927406311,0.9723089933395386,0.03135300055146217,0,-0.04121299833059311,-0.0420060008764267,0.9982669949531555,0,-3.009002923965454,13.090056419372559,-0.3235509991645813,1,0.9998599886894226,0.01651499979197979,0.0026110000908374786,0,-0.01657100021839142,0.9579759836196899,0.28637000918388367,0,0.0022279999684542418,-0.28637298941612244,0.9581159949302673,0,0.0055599999614059925,3.7237939834594727,0,1,0.9999989867210388,0.0010600000387057662,-0.00002099999983329326,0,-0.0010590000310912728,0.9996110200881958,0.02788200043141842,0,0.000050999999075429514,-0.02788200043141842,0.9996110200881958,0,-0.0020000000949949026,3.8556220531463623,0,1,-0.983601987361908,-0.059873998165130615,0.17012199759483337,0,0.15414799749851227,-0.7687600255012512,0.6206820011138916,0,0.09362000226974487,0.6367279887199402,0.7653840184211731,0,10.04116153717041,-6.074303150177002,-2.5494260787963867,1,0.9902979731559753,0.1318569928407669,-0.043859999626874924,0,0.04066300019621849,-0.5767809748649597,-0.8158860206604004,0,-0.13287800550460815,0.8061869740486145,-0.5765470266342163,0,0,40.89251708984375,0,1,0.9950730204582214,0.09897200018167496,-0.005905000027269125,0,-0.03890100121498108,0.4445109963417053,0.894927978515625,0,0.09119799733161926,-0.8902890086174011,0.44617098569869995,0,0,34.62055206298828,0,1,0.999118983745575,0,0.041958998888731,0,-0.021321000531315804,0.8612790107727051,0.5076839923858643,0,-0.03613800182938576,-0.5081319808959961,0.8605210185050964,0,0,16.09818458557129,0,1,-0.9978049993515015,-0.012900000438094139,-0.06494999676942825,0,0.019666999578475952,-0.9943140149116516,-0.10465700179338455,0,-0.06323099881410599,-0.10570500046014786,0.9923850297927856,0,-10.04116153717041,-6.074303150177002,-2.164233922958374,1,0.9855179786682129,0.0880889967083931,0.14489300549030304,0,-0.015994999557733536,0.8989580273628235,-0.43774399161338806,0,-0.16881300508975983,0.4290870130062103,0.8873479962348938,0,0,40.90545654296875,0,1,0.9710789918899536,-0.1864739954471588,0.1491059958934784,0,-0.08242499828338623,0.32428300380706787,0.9423620104789734,0,-0.22407899796962738,-0.9273980259895325,0.29953500628471375,0,0,34.61872863769531,0,1,0.9999430179595947,0.005998999811708927,-0.008810999803245068,0,0.00508800009265542,0.4577989876270294,0.889041006565094,0,0.009367000311613083,-0.8890349864959717,0.45774298906326294,0,0,15.64346694946289,0,1
K0.033,0.9958940148353577,0.0017839499050751328,0.09050372987985611,0,-0.014697929844260216,0.9897249341011047,0.14222727715969086,0,-0.08932074159383774,-0.14297328889369965,0.9856879711151123,0,-0.1931484490633011,87.64725494384766,20.908206939697266,1,0.9614220261573792,-0.01375804003328085,-0.2747330963611603,0,0.02702680416405201,0.9986400008201599,0.044571179896593094,0,0.2737470865249634,-0.050277162343263626,0.9604870080947876,0,0,10.91888427734375,-1.230828046798706,1,0.9991750121116638,0.02355789951980114,-0.03309403359889984,0,-0.02470589242875576,0.9990919828414917,-0.034712743014097214,0,0.03224604204297066,0.035501740872859955,0.9988489747047424,0,0,12.819379806518555,0,1,0.9992210268974304,0.021308910101652145,-0.03320503234863281,0,-0.022478902712464333,0.9991250038146973,-0.03528274968266487,0,0.032424040138721466,0.03600174933671951,0.9988260269165039,0,0,14.65070629119873,0,1,0.997310996055603,-0.059544969350099564,0.04273008182644844,0,0.049107957631349564,0.9757080078125,0.21349990367889404,0,-0.05440507084131241,-0.21082791686058044,0.9760079979896545,0,0,16.4820556640625,0.0000019999999949504854,1,0.9848289489746094,0.047660037875175476,0.16685737669467926,0,0.0058540236204862595,0.9518730640411377,-0.3064357340335846,0,-0.1734313666820526,0.3027637302875519,0.9371529817581177,0,0,7.261107921600342,2.060839891433716,1,0.10253798961639404,0.0450579896569252,-0.9937080144882202,0,0.9369910359382629,-0.33976590633392334,0.08127900958061218,0,-0.33396589756011963,-0.9394300580024719,-0.07705798000097275,0,6.944186210632324,14.408050537109375,-0.23530399799346924,1,0.308959037065506,-0.4791743755340576,-0.8215447664260864,0,0.871126115322113,0.4892387390136719,0.04225202649831772,0,0.38168564438819885,-0.7287229299545288,0.5685763359069824,0,0,14.708072662353516,0,1,0.16076184809207916,0.9810910224914551,0.10778102278709412,0,-0.9814929962158203,0.14739684760570526,0.12225399911403656,0,0.1040550246834755,-0.12544000148773193,0.9866290092468262,0,0,34.312294006347656,0,1,0.9878759384155273,0.09115299582481384,0.1256674975156784,0,-0.1009969636797905,0.9921069741249084,0.07431359589099884,0,-0.11790153384208679,-0.08610463887453079,0.9892849326133728,0,0,24.291616439819336,0,1,0.9753969311714172,0.14743418991565704,-0.16390299797058105,0,-0.09093217551708221,0.9463419914245605,0.31011003255844116,0,0.20082905888557434,-0.28757596015930176,0.9364650249481201,0,-3.429147958755493,4.241098880767822,1.3000069856643677,1,0.9999380111694336,-0.010756735689938068,0.0030279173515737057,0,0.010650738142430782,0.9993929862976074,0.03315598890185356,0,-0.0033829088788479567,-0.0331219881772995,0.9994459748268127,0,-0.48837101459503174,4.458755970001221,0,1,0.9985100030899048,0.053727131336927414,0.009570954367518425,0,-0.05328413471579552,0.9977080225944519,-0.04170600324869156,0,-0.011788959614932537,0.041133005172014236,0.9990839958190918,0,0.10088100284337997,4.718812942504883,0,1,0.9685490131378174,-0.2475699931383133,-0.024952000007033348,0,0.24881500005722046,0.9645169973373413,0.08830995112657547,0,0.002203013515099883,-0.09174095094203949,0.9957799911499023,0,-2.9764649868011475,11.908403396606445,-0.3318359851837158,1,0.9995409846305847,-0.030038993805646896,-0.003833998693153262,0,0.030128994956612587,0.9737390279769897,0.22566494345664978,0,-0.003044998738914728,-0.22567793726921082,0.9741969704627991,0,0.0068259998224675655,4.1543660163879395,0,1,0.9999369978904724,0.011199003085494041,0.0004889998817816377,0,-0.01120800245553255,0.9982050061225891,0.05883697420358658,0,0.00016999994113575667,-0.05883897468447685,0.9982669949531555,0,-0.031504999846220016,4.142152786254883,0,1,0.9641720056533813,-0.2564080059528351,-0.06802400201559067,0,0.2617650032043457,0.9611849784851074,0.08719494938850403,0,0.04302601516246796,-0.10187694430351257,0.9938660264015198,0,2.9764649868011475,12.149983406066895,-0.3635990023612976,1,0.9999859929084778,0.005316002760082483,-0.0007239996339194477,0,-0.005014002788811922,0.9739630222320557,0.2266499400138855,0,0.0019099999917671084,-0.2266429364681244,0.9739760160446167,0,-0.04589100182056427,3.8907089233398438,0,1,1,-0.00007799863669788465,0.0005539999110624194,0,0.00004499866918195039,0.9982569813728333,0.05901797488331795,0,-0.0005579997668974102,-0.05901797488331795,0.9982569813728333,0,0.020517000928521156,4.139756202697754,0,1,0.03512495756149292,-0.023991990834474564,0.9990950226783752,0,-0.9434009790420532,-0.33069196343421936,0.025224965065717697,0,0.3297879695892334,-0.9434340000152588,-0.03424997627735138,0,-6.944186210632324,14.407713890075684,-0.23231400549411774,1,0.9826791286468506,-0.13375981152057648,-0.1282612681388855,0,0.1824474185705185,0.8196309208869934,0.543063223361969,0,0.032486479729413986,-0.5570571422576904,0.8298389315605164,0,0,14.708072662353516,0,1,-0.3547384738922119,-0.9192072153091431,-0.17093217372894287,0,0.9196272492408752,-0.3760174810886383,0.11355891078710556,0,-0.16865719854831696,-0.1169109046459198,0.978717029094696,0,0,34.305938720703125,0,1,0.9872754812240601,0.0693763718008995,0.1430894136428833,0,-0.022299082949757576,0.951322078704834,-0.30739158391952515,0,-0.15744967758655548,0.3002890944480896,0.9407638311386108,0,0,24.290523529052734,0,1,0.9693439602851868,0.07031521946191788,0.23543305695056915,0,-0.11498723179101944,0.9765959978103638,0.1817619949579239,0,-0.2171420156955719,-0.203262060880661,0.9547430276870728,0,3.4751429557800293,4.656501770019531,1.4416580200195312,1,0.9997869729995728,0.010364859364926815,0.017836058512330055,0,-0.009743857197463512,0.9993559718132019,-0.0345430001616478,0,-0.018182052299380302,0.03436100482940674,0.999243974685669,0,0.7077720165252686,4.7366042137146,0,1,0.9842349886894226,-0.17613308131694794,-0.016086969524621964,0,0.17411106824874878,0.9808800220489502,-0.08695099502801895,0,0.03109397552907467,0.08277899771928787,0.9960830211639404,0,-0.07647199928760529,4.860551834106445,0,1,0.972885012626648,0.2299100011587143,0.025203000754117966,0,-0.23064100742340088,0.9725319743156433,0.031415000557899475,0,-0.017287999391555786,-0.036375999450683594,0.999189019203186,0,3.009002923965454,13.303518295288086,-0.33683499693870544,1,0.999625027179718,0.027048999443650246,0.004255000036209822,0,-0.027135999873280525,0.9578999876976013,0.2858180105686188,0,0.003654999891296029,-0.2858259975910187,0.9582740068435669,0,0.002053000032901764,3.9592320919036865,0,1,0.9999930262565613,-0.003622000105679035,-0.00027799999224953353,0,0.003628999926149845,0.9996060132980347,0.027827000245451927,0,0.00017699999443721026,-0.027828000485897064,0.9996129870414734,0,0.007724999915808439,3.7065179347991943,0,1,0.9719409942626953,0.22989299893379211,0.049800001084804535,0,-0.23158599436283112,0.9723089933395386,0.03135300055146217,0,-0.04121299833059311,-0.0420060008764267,0.9982669949531555,0,-3.009002923965454,13.090056419372559,-0.3235509991645813,1,0.9998599886894226,0.01651499979197979,0.002612000098451972,0,-0.01657100021839142,0.9579759836196899,0.28637000918388367,0,0.0022269999608397484,-0.28637298941612244,0.9581159949302673,0,0.0055599999614059925,3.7237939834594727,0,1,0.9999989867210388,0.0010600000387057662,-0.000022000000171829015,0,-0.0010590000310912728,0.9996110200881958,0.02788200043141842,0,0.000050999999075429514,-0.02788200043141842,0.9996110200881958,0,-0.0020000000949949026,3.8556220531463623,0,1,-0.9948469400405884,-0.07828660309314728,0.06441738456487656,0,0.09775082021951675,-0.5721328258514404,0.8143151998519897,0,-0.026894869282841682,0.8164160847663879,0.5768378376960754,0,10.04116153717041,-6.074303150177002,-2.5494260787963867,1,0.9861538410186768,0.13985759019851685,0.08910539746284485,0,0.11604081094264984,-0.19812540709972382,-0.9732826948165894,0,-0.11846834421157837,0.9701458811759949,-0.2116115540266037,0,0,40.89251708984375,0,1,0.9781310558319092,0.19640477001667023,-0.06844886392354965,0,-0.06400378048419952,0.5973520874977112,0.7994205951690674,0,0.1978977918624878,-0.7775576710700989,0.5968590974807739,0,0,34.62055206298828,0,1,0.999118983745575,0.000006999169727350818,0.04197299852967262,0,-0.021324999630451202,0.8614100217819214,0.5074620246887207,0,-0.03615200147032738,-0.5079089999198914,0.8606520295143127,0,0,16.09818458557129,0,1,-0.9986090064048767,0.01860988698899746,-0.04934026673436165,0,0.0031022068578749895,-0.9133030772209167,-0.40726789832115173,0,-0.05264220014214516,-0.40685391426086426,0.9119750261306763,0,-10.04116153717041,-6.074303150177002,-2.164233922958374,1,0.986128032207489,-0.007461318746209145,0.1658204197883606,0,0.008059609681367874,0.9999625086784363,-0.002939852885901928,0,-0.16579225659370422,0.004235895350575447,0.9861506223678589,0,0,40.90545654296875,0,1,0.9915828108787537,0.10933622717857361,0.0693449005484581,0,-0.12933167815208435,0.8613923788070679,0.4911990761756897,0,-0.0060276491567492485,-0.49603283405303955,0.8682824969291687,0,0,34.61872863769531,0,1,0.9889380931854248,-0.132868692278862,0.06593389809131622,0,-0.052615247666835785,0.10138270258903503,0.993450939655304,0,-0.13868223130702972,-0.9859310388565063,0.09326978027820587,0,0,15.64346694946289,0,1
K0.067,0.9979820251464844,-0.003214950440451503,0.06341026723384857,0,-0.007698069326579571,0.9852210879325867,0.17111271619796753,0,-0.06302326172590256,-0.17125572264194489,0.9832090139389038,0,-0.33742058277130127,88.74093627929688,39.01992416381836,1,0.9590910077095032,-0.017796959728002548,-0.28253892064094543,0,0.007557193748652935,0.9992759823799133,-0.03728918731212616,0,0.28299790620803833,0.03362816572189331,0.9585310220718384,0,0,10.91888427734375,-1.230828046798706,1,0.9992489814758301,0.013583098538219929,-0.03629596531391144,0,-0.01392210740596056,0.999862015247345,-0.009089253842830658,0,0.03616796433925629,0.00958825834095478,0.9993000030517578,0,0,12.819379806518555,0,1,0.9992579817771912,0.012377088889479637,-0.036469966173172,0,-0.012765096500515938,0.9998639822006226,-0.010428247042000294,0,0.036335963755846024,0.010886249132454395,0.9992799758911133,0,0,14.65070629119873,0,1,0.9970830082893372,-0.056703031063079834,0.05108791962265968,0,0.04515404254198074,0.9779070019721985,0.20410609245300293,0,-0.06153292953968048,-0.2012040913105011,0.9776149988174438,0,0,16.4820556640625,0.0000019999999949504854,1,0.9775170683860779,0.05125696212053299,0.20453062653541565,0,0.008229976519942284,0.9599899649620056,-0.2799122631549835,0,-0.21069562435150146,0.2753022611141205,0.9379850029945374,0,0,7.261107921600342,2.060839891433716,1,0.10180800408124924,0.044011011719703674,-0.9938300251960754,0,0.9403479695320129,-0.3302570879459381,0.08170399069786072,0,-0.32462307810783386,-0.9428649544715881,-0.07500801980495453,0,6.944186210632324,14.408050537109375,-0.23530399799346924,1,0.3104560077190399,-0.5181936025619507,-0.7969272136688232,0,0.8857908844947815,0.46192628145217896,0.04471197351813316,0,0.3449523448944092,-0.7197920680046082,0.6024186611175537,0,0,14.708072662353516,0,1,0.14556914567947388,0.9832509756088257,0.10967297852039337,0,-0.9836530089378357,0.1319621503353119,0.1225230023264885,0,0.1059979796409607,-0.1257150024175644,0.9863870143890381,0,0,34.312294006347656,0,1,0.9803330302238464,0.09022800624370575,0.17551851272583008,0,-0.09760303795337677,0.9946500062942505,0.03383540362119675,0,-0.1715264618396759,-0.050301358103752136,0.9838950634002686,0,0,24.291616439819336,0,1,0.9723740816116333,0.16656380891799927,-0.16353900730609894,0,-0.10912282019853592,0.9436889886856079,0.31231898069381714,0,0.20635093748569489,-0.2858450412750244,0.9357950091362,0,-3.429147958755493,4.241098880767822,1.3000069856643677,1,0.9998630285263062,0.015720738098025322,-0.005221918225288391,0,-0.015546739101409912,0.9993690252304077,0.03192400932312012,0,0.005720909684896469,-0.031838010996580124,0.9994770288467407,0,-0.48837101459503174,4.458755970001221,0,1,0.9977539777755737,0.0668058767914772,0.004987045656889677,0,-0.06653786450624466,0.9968969821929932,-0.04206199571490288,0,-0.007782040163874626,0.041634995490312576,0.9991030097007751,0,0.10088100284337997,4.718812942504883,0,1,0.968671977519989,-0.24708899855613708,-0.024917999282479286,0,0.24831600487232208,0.9651190042495728,0.08297005295753479,0,0.003547986736521125,-0.08655805140733719,0.9962400197982788,0,-2.9764649868011475,11.908403396606445,-0.3318359851837158,1,0.9995560050010681,-0.02956000529229641,-0.0036830015014857054,0,0.029645005241036415,0.9749540090560913,0.22042404115200043,0,-0.002925001084804535,-0.2204350382089615,0.975396990776062,0,0.0068259998224675655,4.1543660163879395,0,1,0.9999340176582336,0.011449997313320637,0.00048000007518567145,0,-0.01145899761468172,0.9983559846878052,0.05615202710032463,0,0.00016400005551986396,-0.056154027581214905,0.9984220266342163,0,-0.031504999846220016,4.142152786254883,0,1,0.9642459750175476,-0.2561529874801636,-0.06793799996376038,0,0.2612679898738861,0.9617890119552612,0.08185505121946335,0,0.04437398537993431,-0.09667905420064926,0.9943259954452515,0,2.9764649868011475,12.149983406066895,-0.3635990023612976,1,0.9999840259552002,0.0055839973501861095,-0.0006890003569424152,0,-0.005292997229844332,0.9751710295677185,0.22139106690883636,0,0.001908999984152615,-0.22138406336307526,0.975184977054596,0,-0.04589100182056427,3.8907089233398438,0,1,1,0.00005799864811706357,0.0005410001031123102,0,-0.00008799867646303028,0.9984130263328552,0.056325025856494904,0,-0.0005370002472773194,-0.056325025856494904,0.998412013053894,0,0.020517000928521156,4.139756202697754,0,1,0.030878042802214622,-0.023012008517980576,0.9992579817771912,0,-0.9446210265159607,-0.3274500370025635,0.021649034693837166,0,0.3267090320587158,-0.9445880055427551,-0.03184802085161209,0,-6.944186210632324,14.407713890075684,-0.23231400549411774,1,0.9919658899307251,-0.11394919455051422,-0.05494572967290878,0,0.12494957447052002,0.8146520853042603,0.5663297772407532,0,-0.019771480932831764,-0.5686458945274353,0.8223450779914856,0,0,14.708072662353516,0,1,-0.502097487449646,-0.8438767790794373,-0.1891288161277771,0,0.8442627787590027,-0.5256925225257874,0.10425309091806412,0,-0.18739980459213257,-0.1073291003704071,0.9764019846916199,0,0,34.305938720703125,0,1,0.9363254904747009,0.20664063096046448,0.2838886082172394,0,-0.1304539293050766,0.9553479552268982,-0.26512542366981506,0,-0.32599833607673645,0.21120887994766235,0.9214741587638855,0,0,24.290523529052734,0,1,0.9661430716514587,0.092156782746315,0.24098694324493408,0,-0.1381167769432068,0.9736649990081787,0.18138200044631958,0,-0.21792498230934143,-0.2085249423980713,0.9534279704093933,0,3.4751429557800293,4.656501770019531,1.4416580200195312,1,0.9997140169143677,-0.0036888602189719677,0.023612942546606064,0,0.004505858290940523,0.9993910193443298,-0.03461400046944618,0,-0.02347094751894474,0.034710995852947235,0.9991220235824585,0,0.7077720165252686,4.7366042137146,0,1,0.9830179810523987,-0.18303392827510834,-0.013197029009461403,0,0.18124093115329742,0.9796259999275208,-0.08651300519704819,0,0.028763022273778915,0.0826520025730133,0.996163010597229,0,-0.07647199928760529,4.860551834106445,0,1,0.9728860259056091,0.2299100011587143,0.025203000754117966,0,-0.2306399941444397,0.9725319743156433,0.031415000557899475,0,-0.017287999391555786,-0.036375999450683594,0.999189019203186,0,3.009002923965454,13.303518295288086,-0.33683499693870544,1,0.999625027179718,0.027048999443650246,0.004255000036209822,0,-0.027135999873280525,0.9578999876976013,0.2858180105686188,0,0.0036559998989105225,-0.28582701086997986,0.9582740068435669,0,0.002053000032901764,3.9592320919036865,0,1,0.9999930262565613,-0.003622000105679035,-0.00027799999224953353,0,0.003628999926149845,0.9996060132980347,0.027828000485897064,0,0.00017699999443721026,-0.027828000485897064,0.9996129870414734,0,0.007724999915808439,3.7065179347991943,0,1,0.9719409942626953,0.22989299893379211,0.04979899898171425,0,-0.23158599436283112,0.9723089933395386,0.03135300055146217,0,-0.04121199995279312,-0.0420060008764267,0.9982669949531555,0,-3.009002923965454,13.090056419372559,-0.3235509991645813,1,0.9998599886894226,0.01651499979197979,0.002612000098451972,0,-0.01657100021839142,0.9579759836196899,0.28637000918388367,0,0.0022279999684542418,-0.28637298941612244,0.9581159949302673,0,0.0055599999614059925,3.7237939834594727,0,1,0.9999989867210388,0.0010600000387057662,-0.000022000000171829015,0,-0.0010590000310912728,0.9996110200881958,0.02788200043141842,0,0.000050999999075429514,-0.02788200043141842,0.9996110200881958,0,-0.0020000000949949026,3.8556220531463623,0,1,-0.9903070330619812,-0.13886740803718567,0.0026136143133044243,0,0.07968118041753769,-0.5526191592216492,0.8296158313751221,0,-0.11376213282346725,0.8217829465866089,0.5583281517028809,0,10.04116153717041,-6.074303150177002,-2.5494260787963867,1,0.968390166759491,0.09861140698194504,0.2291216105222702,0,0.19717219471931458,0.26000943779945374,-0.9452592730522156,0,-0.15278765559196472,0.9605560898780823,0.23234759271144867,0,0,40.89251708984375,0,1,0.9832859635353088,0.17355822026729584,-0.05500813573598862,0,-0.04206721857190132,0.5105298161506653,0.8588303923606873,0,0.17714020609855652,-0.8421613574028015,0.5092979073524475,0,0,34.62055206298828,0,1,0.9991250038146973,-0.00007599917444167659,0.04181300103664398,0,-0.021276000887155533,0.8599370121955872,0.5099560022354126,0,-0.0359949991106987,-0.5103999972343445,0.8591840267181396,0,0,16.09818458557129,0,1,-0.9970750212669373,0.007175113540142775,-0.07609473168849945,0,0.023769795894622803,-0.9171039462089539,-0.3979381024837494,0,-0.07264179736375809,-0.3985821008682251,0.9142510294914246,0,-10.04116153717041,-6.074303150177002,-2.164233922958374,1,0.9934009313583374,-0.039340682327747345,0.10773257166147232,0,0.06906339526176453,0.9551194310188293,-0.2880551815032959,0,-0.09156473726034164,0.2935941219329834,0.9515343308448792,0,0,40.90545654296875,0,1,0.9718411564826965,0.2320997714996338,-0.04066690430045128,0,-0.19719533622264862,0.8955686688423157,0.3988369107246399,0,0.12898965179920197,-0.37958717346191406,0.9161195158958435,0,0,34.61872863769531,0,1,0.9990128874778748,-0.001087309792637825,-0.04440590366721153,0,0.022714251652359962,0.8715843558311462,0.4897110164165497,0,0.03817124292254448,-0.49023592472076416,0.8707482218742371,0,0,15.64346694946289,0,1
