1.033,30,30,49
B0,mixamorig_Hips,-1,0.9968279004096985,-0.05296628922224045,0.058928098529577255,0,0.04916863143444061,0.9966851472854614,0.06386642158031464,0,-0.06217866763472557,-0.060754142701625824,0.9961780309677124,0,1.59261953830719,85.71955108642578,34.71341323852539,1
B1,mixamorig_Spine,0,0.9959102869033813,0.052522312849760056,-0.07217014580965042,0,-0.05567322298884392,0.9974405169487,-0.042534396052360535,0,0.06971003860235214,0.04634369537234306,0.996476948261261,0,0,10.91888427734375,-1.230828046798706,1
B2,mixamorig_Spine1,1,0.9989234805107117,-0.024343907833099365,-0.039128225296735764,0,0.025730237364768982,0.9990456700325012,0.035245999693870544,0,0.03823430463671684,-0.03620707616209984,0.9985989928245544,0,0,12.819379806518555,0,1
B3,mixamorig_Spine2,2,0.9989289045333862,-0.024832693859934807,-0.038682736456394196,0,0.026166990399360657,0.999069094657898,0.034273412078619,0,0.03779660910367966,-0.035242706537246704,0.9986504912376404,0,0,14.65070629119873,0,1
B4,mixamorig_Neck,3,0.9998579621315002,0.01531596202403307,0.0060594831593334675,0,-0.015837067738175392,0.9950157403945923,0.09841947257518768,0,-0.004520229995250702,-0.09849584102630615,0.9951238632202148,0,0,16.4820556640625,0.0000019999999949504854,1
B5,mixamorig_Head,4,0.9992262721061707,-0.038246046751737595,-0.00006856941763544455,0,0.03808962181210518,0.9943367838859558,-0.09904278814792633,0,0.003838849952444434,0.0989348441362381,0.995041012763977,0,0,7.261107921600342,2.060839891433716,1
B6,mixamorig_HeadTop_End,5,1,0,0,0,0,1,0,0,0,0,1,0,0,31.970184326171875,9.07374095916748,1
B7,mixamorig_LeftShoulder,3,0.030722826719284058,0.01928318850696087,-0.9993363618850708,0,0.8702327609062195,-0.49230989813804626,0.017246220260858536,0,-0.49164968729019165,-0.8701946139335632,-0.03191933408379555,0,6.944186210632324,14.408050537109375,-0.23530399799346924,1
B8,mixamorig_LeftArm,7,0.9327245950698853,-0.05190321430563927,-0.3567802906036377,0,0.31051191687583923,0.6185930371284485,0.7216876149177551,0,0.1832043081521988,-0.7839494943618774,0.5931087732315063,0,0,14.708072662353516,0,1
B9,mixamorig_LeftForeArm,8,0.9963156580924988,0.08473319560289383,0.0037048605736345053,0,-0.08476810902357101,0.9962619543075562,0.01055891439318657,0,-0.002775694942101836,-0.010834264568984509,0.9999362826347351,0,0,34.312294006347656,0,1
B10,mixamorig_LeftHand,9,0.9607160687446594,0.238713338971138,-0.13710880279541016,0,-0.17633037269115448,0.9158043265342712,0.3597768545150757,0,0.2118508666753769,-0.3222294747829437,0.9223671555519104,0,0,24.291616439819336,0,1
B11,mixamorig_LeftHandThumb1,10,0.9435459971427917,0.12842099368572235,-0.3053340017795563,0,-0.04347899928689003,0.9618279933929443,0.2701779901981354,0,0.32837599515914917,-0.24165000021457672,0.913112998008728,0,-3.429147958755493,4.241098880767822,1.3000069856643677,1
B12,mixamorig_LeftHandThumb2,11,0.9926925897598267,-0.04685358330607414,-0.11101881414651871,0,0.047723691910505295,0.9988330602645874,0.0052472795359790325,0,0.11063927412033081,-0.01048652920871973,0.9937952160835266,0,-0.48837101459503174,4.458755970001221,0,1
B13,mixamorig_LeftHandThumb3,12,0.9570515155792236,0.1090991348028183,-0.2686040699481964,0,-0.18532326817512512,0.9427040815353394,-0.27741992473602295,0,0.22294878959655762,0.31528452038764954,0.9224370718002319,0,0.10088100284337997,4.718812942504883,0,1
B14,mixamorig_LeftHandThumb4,13,1,0,0,0,0,1,0,0,0,0,1,0,0.38749000430107117,3.7217469215393066,0,1
B15,mixamorig_LeftHandIndex1,10,0.9783746600151062,-0.2068152278661728,0.002670381683856249,0,0.19187894463539124,0.912384033203125,0.3615696132183075,0,-0.07721687108278275,-0.3532390296459198,0.9323403239250183,0,-2.9764649868011475,11.908403396606445,-0.3318359851837158,1
B16,mixamorig_LeftHandIndex2,15,0.9995795488357544,-0.02865779399871826,-0.0043479204177856445,0,0.02879328653216362,0.9644438028335571,0.262716680765152,0,-0.003334936685860157,-0.2627311646938324,0.9648632407188416,0,0.0068259998224675655,4.1543660163879395,0,1
B17,mixamorig_LeftHandIndex3,16,0.9999939799308777,-0.0033417779486626387,-0.00013196827785577625,0,0.0032597780227661133,0.9648587703704834,0.2627481520175934,0,-0.0007509682327508926,-0.2627471685409546,0.9648642539978027,0,-0.031504999846220016,4.142152786254883,0,1
B18,mixamorig_LeftHandIndex4,17,1,0,0,0,0,1,0,0,0,0,1,0,0.024678999558091164,2.7168149948120117,0,1
B19,mixamorig_LeftHandMiddle1,10,0.9485155344009399,-0.30703410506248474,-0.07775793224573135,0,0.3060310482978821,0.8251715898513794,0.47479942440986633,0,-0.08161690086126328,-0.4741511642932892,0.8766515851020813,0,2.9764649868011475,12.149983406066895,-0.3635990023612976,1
B20,mixamorig_LeftHandMiddle2,19,0.9999499917030334,0.010036586783826351,-0.00021349206508602947,0,-0.009774095378816128,0.9782315492630005,0.20728494226932526,0,0.0022894919384270906,-0.20727293193340302,0.9782805442810059,0,-0.04589100182056427,3.8907089233398438,0,1
B21,mixamorig_LeftHandMiddle3,20,0.9999865293502808,-0.005072920583188534,0.0011239999439567327,0,0.00465192086994648,0.9704446792602539,0.2412799596786499,0,-0.002314968267455697,-0.2412714660167694,0.9704546332359314,0,0.020517000928521156,4.139756202697754,0,1
B22,mixamorig_LeftHandMiddle4,21,1,0,0,0,0,1,0,0,0,0,1,0,0.025374000892043114,3.239130973815918,0,1
B23,mixamorig_RightShoulder,3,0.08264968544244766,-0.01711254194378853,0.9964312314987183,0,-0.8664718866348267,-0.49517297744750977,0.06336499750614166,0,0.492321640253067,-0.8686169981956482,-0.055755335837602615,0,-6.944186210632324,14.407713890075684,-0.23231400549411774,1
B24,mixamorig_RightArm,23,0.8358903527259827,-0.5215889811515808,0.170641228556633,0,0.4188621938228607,0.8072184324264526,0.41580891609191895,0,-0.3545941710472107,-0.2760778069496155,0.893277108669281,0,0,14.708072662353516,0,1
B25,mixamorig_RightForeArm,24,0.8453271985054016,-0.5335202217102051,-0.022744614630937576,0,0.533764123916626,0.8429038524627686,0.06591033190488815,0,-0.016025109216570854,-0.06785605102777481,0.9975646734237671,0,0,34.305938720703125,0,1
B26,mixamorig_RightHand,25,0.9640330672264099,-0.23695391416549683,0.11800632625818253,0,0.2169918566942215,0.9622202515602112,0.1619652956724167,0,-0.15153270959854126,-0.13041657209396362,0.9794813990592957,0,0,24.290523529052734,0,1
B27,mixamorig_RightHandThumb1,26,0.9237009882926941,-0.13590000569820404,0.3582020103931427,0,-0.02141599915921688,0.9151930212974548,0.402446985244751,0,-0.3825159966945648,-0.3794119954109192,0.8424530029296875,0,3.4751429557800293,4.656501770019531,1.4416580200195312,1
B28,mixamorig_RightHandThumb2,27,0.9850084185600281,0.17193904519081116,0.011619610711932182,0,-0.17137044668197632,0.9843902587890625,-0.03959818556904793,0,-0.01826048269867897,0.03704129531979561,0.9991355538368225,0,0.7077720165252686,4.7366042137146,0,1
B29,mixamorig_RightHandThumb3,28,0.9720855951309204,-0.19981397688388824,-0.1229775920510292,0,0.1473986804485321,0.9278838634490967,-0.3424978256225586,0,0.18254418671131134,0.31481078267097473,0.9314352869987488,0,-0.07647199928760529,4.860551834106445,0,1
B30,mixamorig_RightHandThumb4,29,1,0,0,0,0,1,0,0,0,0,1,0,-0.6312999725341797,3.1993589401245117,0,1
B31,mixamorig_RightHandIndex1,26,0.9893820881843567,0.14209727942943573,-0.030494267120957375,0,-0.11964927613735199,0.9155497550964355,0.3838958740234375,0,0.08246652781963348,-0.3761717975139618,0.92283034324646,0,3.009002923965454,13.303518295288086,-0.33683499693870544,1
B32,mixamorig_RightHandIndex2,31,0.999763011932373,0.02122250758111477,0.0049310000613331795,0,-0.021412508562207222,0.915256917476654,0.4023001492023468,0,0.0040245079435408115,-0.40231016278266907,0.9154943823814392,0,0.002053000032901764,3.9592320919036865,0,1
B33,mixamorig_RightHandIndex3,32,0.9999960064888,0.0029255077242851257,-0.00011200001608813182,0,-0.002856507897377014,0.9834355115890503,0.1812366545200348,0,0.000640507903881371,-0.1812356561422348,0.9834395051002502,0,0.007724999915808439,3.7065179347991943,0,1
B34,mixamorig_RightHandIndex4,33,1,0,0,0,0,1,0,0,0,0,1,0,-0.00977800041437149,2.423612117767334,0,1
B35,mixamorig_RightHandMiddle1,26,0.9770347476005554,0.2115660160779953,0.025319170206785202,0,-0.20503461360931396,0.9011850953102112,0.38183143734931946,0,0.057959411293268204,-0.37825608253479004,0.9238684773445129,0,-3.009002923965454,13.090056419372559,-0.3235509991645813,1
B36,mixamorig_RightHandMiddle2,35,0.9999129772186279,0.012433444149792194,0.004377460107207298,0,-0.012649443931877613,0.811640739440918,0.584019660949707,0,0.0037084603682160378,-0.5840246677398682,0.8117277026176453,0,0.0055599999614059925,3.7237939834594727,0,1
B37,mixamorig_RightHandMiddle3,36,0.999966025352478,0.008122428320348263,0.0011594761162996292,0,-0.008000936359167099,0.934031069278717,0.35710132122039795,0,0.0018174761207774282,-0.357098788022995,0.934065043926239,0,-0.0020000000949949026,3.8556220531463623,0,1
B38,mixamorig_RightHandMiddle4,37,1,0,0,0,0,1,0,0,0,0,1,0,-0.0035600000992417336,2.850954055786133,0,1
B39,mixamorig_LeftUpLeg,0,-0.9909441471099854,-0.029571687802672386,0.1306973546743393,0,0.10231795161962509,-0.7953382134437561,0.5969098806381226,0,0.08614494651556015,0.604867696762085,0.7912366986274719,0,10.04116153717041,-6.074303150177002,-2.5494260787963867,1
B40,mixamorig_LeftLeg,39,0.9992146492004395,-0.024809664115309715,0.004921383690088987,0,0.024989167228341103,0.9960729479789734,-0.08404109627008438,0,-0.002765145618468523,0.08379493653774261,0.9960575699806213,0,0,40.89251708984375,0,1
B41,mixamorig_LeftFoot,40,0.9968622326850891,-0.05756223574280739,-0.05303476005792618,0,0.07401227951049805,0.5042338371276855,0.8557857871055603,0,-0.023342197760939598,-0.8570199608802795,0.5070573687553406,0,0,34.62055206298828,0,1
B42,mixamorig_LeftToeBase,41,0.9994433522224426,-0.003788725705817342,0.033133599907159805,0,-0.018083877861499786,0.7730228900909424,0.6340129971504211,0,-0.02802208997309208,-0.6342597603797913,0.7725236415863037,0,0,16.09818458557129,0,1
B43,mixamorig_LeftToe_End,42,1,0,0,0,0,1,0,0,0,0,1,0,0,7.824993133544922,0,1
B44,mixamorig_RightUpLeg,0,-0.9711115956306458,0.0569254532456398,-0.23097610473632812,0,0.006033780053257942,-0.9642068147659302,-0.2614831328392029,0,-0.23830924928188324,-0.2552153468132019,0.9361502528190613,0,-10.04116153717041,-6.074303150177002,-2.164233922958374,1
B45,mixamorig_RightLeg,44,0.9996730089187622,-0.0005410456797108054,0.021477820351719856,0,0.005394404754042625,0.9737486839294434,-0.2271576076745987,0,-0.020835742354393005,0.22729410231113434,0.9735888242721558,0,0,40.90545654296875,0,1
B46,mixamorig_RightFoot,45,0.956254780292511,-0.031205208972096443,0.2903956174850464,0,-0.2832314074039459,0.14564234018325806,0.9478975534439087,0,-0.07189816236495972,-0.9886795878410339,0.13046163320541382,0,0,34.61872863769531,0,1
B47,mixamorig_RightToeBase,46,0.9994533658027649,0.0036370577290654182,-0.032809946686029434,0,0.018623430281877518,0.7573963403701782,0.6520803570747375,0,0.027263915166258812,-0.652337372303009,0.7569140195846558,0,0,15.64346694946289,0,1
B48,mixamorig_RightToe_End,47,1,0,0,0,0,1,0,0,0,0,1,0,0,7.542731761932373,0,1
@40,0,1,2,3,4,5,7,8,9,10,11,12,13,15,16,17,19,20,21,23,24,25,26,27,28,29,31,32,33,35,36,37,39,40,41,42,44,45,46,47
K0.000,0.9993259906768799,0.016416000202298164,-0.0328419990837574,0,-0.015282999724149704,0.9992899894714355,0.03444100171327591,0,0.03338399901986122,-0.03391600027680397,0.9988669753074646,0,0.03751400113105774,91.9164810180664,2.3946030139923096,1,0.9995669722557068,-0.01969200000166893,0.021875999867916107,0,0.01979600079357624,0.9997940063476562,-0.004556000232696533,0,-0.021781999617815018,0.004987000022083521,0.999750018119812,0,0,10.91888427734375,-1.230828046798706,1,0.9988769888877869,0.014694999903440475,0.04503199830651283,0,-0.016623999923467636,0.998947024345398,0.0427590012550354,0,-0.04435599967837334,-0.043460000306367874,0.9980700016021729,0,0,12.819379806518555,0,1,0.9988669753074646,0.01672700047492981,0.044557999819517136,0,-0.0186110008507967,0.9989349842071533,0.042222000658512115,0,-0.04380499944090843,-0.04300399869680405,0.9981139898300171,0,0,14.65070629119873,0,1,0.999301016330719,-0.0002680000034160912,-0.03738199919462204,0,0.004141999874264002,0.9946119785308838,0.1035889983177185,0,0.03715299814939499,-0.10367099940776825,0.9939180016517639,0,0,16.4820556640625,0.0000019999999949504854,1,0.9963399767875671,-0.03709600120782852,-0.07700999826192856,0,0.03264699876308441,0.997767984867096,-0.05825499817728996,0,0.07899899780750275,0.05552700161933899,0.9953269958496094,0,0,7.261107921600342,2.060839891433716,1,0.10016799718141556,0.016547000035643578,-0.9948329925537109,0,0.8540899753570557,-0.5143269896507263,0.0774419978260994,0,-0.5103880167007446,-0.8574339747428894,-0.06565199792385101,0,6.944186210632324,14.408050537109375,-0.23530399799346924,1,0.9193919897079468,0.2815920114517212,-0.2746340036392212,0,-0.004333999939262867,0.7054160237312317,0.7087799906730652,0,0.3933179974555969,-0.6504570245742798,0.6497750282287598,0,0,14.708072662353516,0,1,0.9817079901695251,0.190311998128891,0.0055229999125003815,0,-0.19039000570774078,0.9814220070838928,0.023715000599622726,0,-0.0009069999796338379,-0.02433300018310547,0.9997029900550842,0,0,34.312294006347656,0,1,0.9760149717330933,0.1721460074186325,-0.13326899707317352,0,-0.1374330073595047,0.9619669914245605,0.2360759973526001,0,0.16884000599384308,-0.21209900081157684,0.962552011013031,0,0,24.291616439819336,0,1,0.9435459971427917,0.12842099368572235,-0.3053340017795563,0,-0.04347899928689003,0.9618279933929443,0.2701779901981354,0,0.32837599515914917,-0.24165000021457672,0.913112998008728,0,-3.429147958755493,4.241098880767822,1.3000069856643677,1,0.9946920275688171,-0.07170899957418442,-0.07379399985074997,0,0.06963100284337997,0.9971100091934204,-0.03037099912762642,0,0.07575800269842148,0.025071000680327415,0.9968109726905823,0,-0.48837101459503174,4.458755970001221,0,1,0.9682520031929016,0.050342001020908356,-0.24485500156879425,0,-0.12132599949836731,0.9510470032691956,-0.2842339873313904,0,0.21855999529361725,0.30491700768470764,0.9269610047340393,0,0.10088100284337997,4.718812942504883,0,1,0.9875550270080566,-0.15669499337673187,0.013466999866068363,0,0.14711399376392365,0.9506499767303467,0.27316999435424805,0,-0.05560600012540817,-0.26778900623321533,0.9618710279464722,0,-2.9764649868011475,11.908403396606445,-0.3318359851837158,1,0.9995840191841125,-0.028534000739455223,-0.00430000014603138,0,0.02866699919104576,0.964909017086029,0.26101401448249817,0,-0.00329799996688962,-0.2610290050506592,0.9653249979019165,0,0.0068259998224675655,4.1543660163879395,0,1,0.9999949932098389,-0.0032099999953061342,-0.00011300000187475234,0,0.003128000069409609,0.9653210043907166,0.26104599237442017,0,-0.00072900002123788,-0.26104500889778137,0.9653260111808777,0,-0.031504999846220016,4.142152786254883,0,1,0.9529820084571838,-0.29468899965286255,-0.07059600204229355,0,0.29626700282096863,0.8571529984474182,0.4213240146636963,0,-0.06364800035953522,-0.42243000864982605,0.9041579961776733,0,2.9764649868011475,12.149983406066895,-0.3635990023612976,1,0.9999499917030334,0.010041000321507454,-0.00021399999968707561,0,-0.009778999723494053,0.9782620072364807,0.20714299380779266,0,0.00228899996727705,-0.20712999999523163,0.9783110022544861,0,-0.04589100182056427,3.8907089233398438,0,1,0.999987006187439,-0.005067999940365553,0.0011239999439567327,0,0.004647000227123499,0.9704800248146057,0.24113699793815613,0,-0.0023129999171942472,-0.24112899601459503,0.9704899787902832,0,0.020517000928521156,4.139756202697754,0,1,0.011002999730408192,-0.021927999332547188,0.9996989965438843,0,-0.8509439826011658,-0.5252519845962524,-0.0021550001110881567,0,0.5251410007476807,-0.8506640195846558,-0.024438999593257904,0,-6.944186210632324,14.407713890075684,-0.23231400549411774,1,0.9053999781608582,-0.38631901144981384,0.1760929971933365,0,0.2041510045528412,0.7598170042037964,0.6172530055046082,0,-0.37225499749183655,-0.522911012172699,0.7668049931526184,0,0,14.708072662353516,0,1,0.9203879833221436,-0.3907740116119385,-0.013476000167429447,0,0.3909519910812378,0.9191439747810364,0.04827500134706497,0,-0.006479000207036734,-0.04969999939203262,0.9987429976463318,0,0,34.305938720703125,0,1,0.9679419994354248,-0.23882199823856354,0.07780099660158157,0,0.22556999325752258,0.9627670049667358,0.14898699522018433,0,-0.1104860007762909,-0.1266610026359558,0.9857739806175232,0,0,24.290523529052734,0,1,0.9237009882926941,-0.13590000569820404,0.3582009971141815,0,-0.021416999399662018,0.9151930212974548,0.402446985244751,0,-0.3825159966945648,-0.3794119954109192,0.8424540162086487,0,3.4751429557800293,4.656501770019531,1.4416580200195312,1,0.9784330129623413,0.20622000098228455,-0.011893999762833118,0,-0.20656099915504456,0.977046012878418,-0.052094001322984695,0,0.0008779999916441739,0.05342699959874153,0.99857097864151,0,0.7077720165252686,4.7366042137146,0,1,0.9725589752197266,-0.19619299471378326,-0.12504899501800537,0,0.14354099333286285,0.9289900064468384,-0.3411349952220917,0,0.18309800326824188,0.31382399797439575,0.931659996509552,0,-0.07647199928760529,4.860551834106445,0,1,0.9893450140953064,0.1442040055990219,-0.02006400004029274,0,-0.1296990066766739,0.9355440139770508,0.3285360038280487,0,0.06614699959754944,-0.3224329948425293,0.9442780017852783,0,3.009002923965454,13.303518295288086,-0.33683499693870544,1,0.9997619986534119,0.021268000826239586,0.004953000228852034,0,-0.021459000185132027,0.9148390293121338,0.40324801206588745,0,0.004044999834150076,-0.40325799584388733,0.9150769710540771,0,0.002053000032901764,3.9592320919036865,0,1,0.9999960064888,0.002976000076159835,-0.00010699999984353781,0,-0.0029070000164210796,0.9832469820976257,0.18225499987602234,0,0.0006479999865405262,-0.18225300312042236,0.9832509756088257,0,0.007724999915808439,3.7065179347991943,0,1,0.977196991443634,0.21060900390148163,0.02702300064265728,0,-0.20629900693893433,0.911562979221344,0.355661004781723,0,0.05027199909090996,-0.3531250059604645,0.934224009513855,0,-3.009002923965454,13.090056419372559,-0.3235509991645813,1,0.9999150037765503,0.012311000376939774,0.0042940001003444195,0,-0.012523000128567219,0.8151599764823914,0.5791000127792358,0,0.003628999926149845,-0.579105019569397,0.8152449727058411,0,0.0055599999614059925,3.7237939834594727,0,1,0.9999679923057556,0.007980999536812305,0.0011139999842271209,0,-0.00786300003528595,0.9361749887466431,0.3514469861984253,0,0.001762000028975308,-0.3514449894428253,0.9362069964408875,0,-0.0020000000949949026,3.8556220531463623,0,1,-0.9813399910926819,-0.013670999556779861,0.19179600477218628,0,0.09240999817848206,-0.9082549810409546,0.4080849885940552,0,0.1686210036277771,0.4181939959526062,0.8925700187683105,0,10.04116153717041,-6.074303150177002,-2.5494260787963867,1,0.9914649724960327,-0.13029800355434418,-0.004526000004261732,0,0.06645599752664566,0.5349349975585938,-0.8422759771347046,0,0.11216799914836884,0.8347859978675842,0.539027988910675,0,0,40.89251708984375,0,1,0.9986240267753601,-0.0017430000007152557,-0.05241300165653229,0,0.046459998935461044,0.4929789900779724,0.8687999844551086,0,0.024323999881744385,-0.8700399994850159,0.4923810064792633,0,0,34.62055206298828,0,1,0.999422013759613,-0.0035639998968690634,0.033792998641729355,0,-0.01836399920284748,0.7801139950752258,0.6253679990768433,0,-0.02859099954366684,-0.6256279945373535,0.7795979976654053,0,0,16.09818458557129,0,1,-0.9922680258750916,-0.001521000056527555,-0.12410499900579453,0,-0.015364999882876873,-0.9907280206680298,0.13499100506305695,0,-0.1231589987874031,0.13585400581359863,0.9830440282821655,0,-10.04116153717041,-6.074303150177002,-2.164233922958374,1,0.9982759952545166,0.021669000387191772,0.05454200133681297,0,-0.007455000188201666,0.9686319828033447,-0.24838800728321075,0,-0.0582129992544651,0.2475540041923523,0.9671239852905273,0,0,40.90545654296875,0,1,0.9980630278587341,-0.02013400010764599,0.05885700136423111,0,-0.04527299851179123,0.4137659966945648,0.9092569947242737,0,-0.042660001665353775,-0.910161018371582,0.4120529890060425,0,0,34.61872863769531,0,1,0.9993039965629578,0.00216299993917346,-0.03724300116300583,0,0.020414000377058983,0.8038790225982666,0.5944420099258423,0,0.031224999576807022,-0.5947890281677246,0.8032749891281128,0,0,15.64346694946289,0,1
K0.033,0.9995489716529846,0.017181890085339546,-0.024647893384099007,0,-0.01606789417564869,0.9988710284233093,0.044699106365442276,0,0.025388890877366066,-0.04428311064839363,0.9986960291862488,0,0.1667611449956894,92.19520568847656,6.993243217468262,1,0.999783992767334,-0.01973082311451435,0.006512833759188652,0,0.019803820177912712,0.9997389912605286,-0.011425076052546501,0,-0.006285835988819599,0.011552075855433941,0.9999139904975891,0,0,10.91888427734375,-1.230828046798706,1,0.9994140267372131,0.006832893937826157,0.03353287652134895,0,-0.008128887973725796,0.9992190003395081,0.03865896537899971,0,-0.0332418791949749,-0.03890896216034889,0.9986900091171265,0,0,12.819379806518555,0,1,0.9994180202484131,0.008568891324102879,0.03302688151597977,0,-0.00983288511633873,0.9992169737815857,0.03831496462225914,0,-0.03267188370227814,-0.03861696273088455,0.9987199902534485,0,0,14.65070629119873,0,1,0.9994379878044128,-0.0028939861804246902,-0.03339694067835808,0,0.006364979315549135,0.9945260286331177,0.10429398715496063,0,0.03291293978691101,-0.10444798320531845,0.9939860105514526,0,0,16.4820556640625,0.0000019999999949504854,1,0.9977899789810181,-0.035548992455005646,-0.05613882094621658,0,0.032673999667167664,0.9981480240821838,-0.05132199078798294,0,0.05785981938242912,0.04937399923801422,0.9971029758453369,0,0,7.261107921600342,2.060839891433716,1,0.08365484327077866,0.01737300679087639,-0.9963430166244507,0,0.8579609990119934,-0.5098189115524292,0.06314586848020554,0,-0.5068579912185669,-0.8601059913635254,-0.05755392462015152,0,6.944186210632324,14.408050537109375,-0.23530399799346924,1,0.9290400743484497,0.20941728353500366,-0.30500727891921997,0,0.07721876353025436,0.6964818835258484,0.7134069800376892,0,0.3618326187133789,-0.6863353252410889,0.630888819694519,0,0,14.708072662353516,0,1,0.9817730188369751,0.18997998535633087,0.005515999626368284,0,-0.19005797803401947,0.981486976146698,0.023673998191952705,0,-0.0009160004556179047,-0.02429099753499031,0.9997050166130066,0,0,34.312294006347656,0,1,0.9750399589538574,0.1902012676000595,-0.11454588919878006,0,-0.15040223300457,0.9453119039535522,0.28942230343818665,0,0.16333003342151642,-0.2649702727794647,0.9503229260444641,0,0,24.291616439819336,0,1,0.9435459971427917,0.12842099368572235,-0.3053340017795563,0,-0.04347800090909004,0.9618279933929443,0.27017900347709656,0,0.32837599515914917,-0.2416509985923767,0.913112998008728,0,-3.429147958755493,4.241098880767822,1.3000069856643677,1,0.9956079721450806,-0.06298796832561493,-0.06926601380109787,0,0.06020597368478775,0.9973210096359253,-0.04153599217534065,0,0.07169701159000397,0.037182994186878204,0.9967330098152161,0,-0.48837101459503174,4.458755970001221,0,1,0.9691460132598877,0.04576300084590912,-0.2422039955854416,0,-0.11584500223398209,0.951894998550415,-0.2836819887161255,0,0.21757100522518158,0.3029879927635193,0.9278259873390198,0,0.10088100284337997,4.718812942504883,0,1,0.9893829822540283,-0.1446790099143982,0.013776992447674274,0,0.13637501001358032,0.956978976726532,0.2561129629611969,0,-0.0502379909157753,-0.2515149712562561,0.9665489792823792,0,-2.9764649868011475,11.908403396606445,-0.3318359851837158,1,0.9995830059051514,-0.028550000861287117,-0.00430699996650219,0,0.028682999312877655,0.9648510217666626,0.2612279951572418,0,-0.0033030000049620867,-0.26124298572540283,0.96526700258255,0,0.0068259998224675655,4.1543660163879395,0,1,0.9999949932098389,-0.0032270001247525215,-0.00011500003165565431,0,0.003145000198855996,0.9652640223503113,0.261258989572525,0,-0.0007320000440813601,-0.26125800609588623,0.9652690291404724,0,-0.031504999846220016,4.142152786254883,0,1,0.9539059996604919,-0.2919979989528656,-0.06928800046443939,0,0.29412001371383667,0.8637359738349915,0.40921199321746826,0,-0.059641994535923004,-0.41072899103164673,0.9098049998283386,0,2.9764649868011475,12.149983406066895,-0.3635990023612976,1,0.9999499917030334,0.01003899984061718,-0.00021399999968707561,0,-0.009777000173926353,0.9782480001449585,0.20720799267292023,0,0.00228899996727705,-0.2071949988603592,0.9782969951629639,0,-0.04589100182056427,3.8907089233398438,0,1,0.999987006187439,-0.00506999995559454,0.0011239999439567327,0,0.004648999776691198,0.9704639911651611,0.2412009984254837,0,-0.0023139999248087406,-0.24119199812412262,0.9704750180244446,0,0.020517000928521156,4.139756202697754,0,1,0.016906073316931725,-0.021394990384578705,0.9996280074119568,0,-0.8529000878334045,-0.5220638513565063,0.003251069923862815,0,0.5218008756637573,-0.8526380658149719,-0.027074027806520462,0,-6.944186210632324,14.407713890075684,-0.23231400549411774,1,0.8889278769493103,-0.42255130410194397,0.17679999768733978,0,0.2442953884601593,0.7638660669326782,0.5973517894744873,0,-0.3874630928039551,-0.4878116250038147,0.7822481989860535,0,0,14.708072662353516,0,1,0.900360643863678,-0.434852659702301,-0.01594904251396656,0,0.43505164980888367,0.8988016247749329,0.05372108146548271,0,-0.009026044979691505,-0.05530708655714989,0.998429000377655,0,0,34.305938720703125,0,1,0.9789080619812012,-0.19002948701381683,0.0750150978565216,0,0.17399244010448456,0.9678990244865417,0.1813773512840271,0,-0.10707405209541321,-0.16449938714504242,0.9805479645729065,0,0,24.290523529052734,0,1,0.9237009882926941,-0.13590000569820404,0.3582020103931427,0,-0.02141599915921688,0.9151930212974548,0.402446985244751,0,-0.3825159966945648,-0.3794119954109192,0.8424530029296875,0,3.4751429557800293,4.656501770019531,1.4416580200195312,1,0.979356050491333,0.20178985595703125,-0.011927886866033077,0,-0.20214083790779114,0.9778640866279602,-0.054037969559431076,0,0.0007599035743623972,0.055333949625492096,0.9984679818153381,0,0.7077720165252686,4.7366042137146,0,1,0.9725469946861267,-0.19628401100635529,-0.12499698996543884,0,0.143638014793396,0.9289630055427551,-0.3411700129508972,0,0.18308399617671967,0.31384900212287903,0.9316539764404297,0,-0.07647199928760529,4.860551834106445,0,1,0.9893640279769897,0.14390799403190613,-0.021186038851737976,0,-0.12861797213554382,0.9335179328918457,0.3346672058105469,0,0.06793806701898575,-0.3283821940422058,0.9420979619026184,0,3.009002923965454,13.303518295288086,-0.33683499693870544,1,0.9997609853744507,0.021271999925374985,0.004954999312758446,0,-0.021462999284267426,0.9148010015487671,0.40333300828933716,0,0.004046999383717775,-0.40334299206733704,0.9150400161743164,0,0.002053000032901764,3.9592320919036865,0,1,0.9999960064888,0.0029809994157403708,-0.00010600007954053581,0,-0.0029119993560016155,0.9832299947738647,0.18234598636627197,0,0.0006479998701252043,-0.18234498798847198,0.9832339882850647,0,0.007724999915808439,3.7065179347991943,0,1,0.9776149988174438,0.20882098376750946,0.02573598176240921,0,-0.2037699669599533,0.9092249274253845,0.36302515864372253,0,0.05240704119205475,-0.36014315485954285,0.9314239621162415,0,-3.009002923965454,13.090056419372559,-0.3235509991645813,1,0.9999150037765503,0.01232600025832653,0.004304000176489353,0,-0.012538000009953976,0.814736008644104,0.5796970129013062,0,0.003639000002294779,-0.5797020196914673,0.8148210048675537,0,0.0055599999614059925,3.7237939834594727,0,1,0.9999669790267944,0.007997999899089336,0.0011190000222995877,0,-0.00788000039756298,0.9359189867973328,0.35212698578834534,0,0.0017689999658614397,-0.35212400555610657,0.9359520077705383,0,-0.0020000000949949026,3.8556220531463623,0,1,-0.9832970499992371,0.006684049032628536,0.1818838268518448,0,0.07706186175346375,-0.8900430798530579,0.44931694865226746,0,0.16488786041736603,0.455827921628952,0.8746610879898071,0,10.04116153717041,-6.074303150177002,-2.5494260787963867,1,0.9926760196685791,-0.11907286942005157,0.02037624642252922,0,0.10074413567781448,0.7228999733924866,-0.6835679411888123,0,0.06666432321071625,0.6806150078773499,0.7296009659767151,0,0,40.89251708984375,0,1,0.998179018497467,-0.03134522587060928,-0.05154496431350708,0,0.06031009554862976,0.49786555767059326,0.8651546239852905,0,-0.0014561677817255259,-0.8666876554489136,0.4988496005535126,0,0,34.62055206298828,0,1,0.999360978603363,-0.002878995845094323,0.035637009888887405,0,-0.0191080030053854,0.7994500994682312,0.6004278659820557,0,-0.030219009146094322,-0.6007248759269714,0.7988840937614441,0,0,16.09818458557129,0,1,-0.9906409382820129,-0.00014899898087605834,-0.13649426400661469,0,-0.0048119081184268,-0.9993399977684021,0.03601637855172157,0,-0.13640926778316498,0.03633537515997887,0.9899859428405762,0,-10.04116153717041,-6.074303150177002,-2.164233922958374,1,0.9968859553337097,0.005281063728034496,0.07868533581495285,0,0.005938952323049307,0.9898930788040161,-0.14169171452522278,0,-0.07863834500312805,0.14171771705150604,0.986778974533081,0,0,40.90545654296875,0,1,0.9981690049171448,-0.008590169250965118,0.05987699702382088,0,-0.05150894820690155,0.39831262826919556,0.9158021807670593,0,-0.031716134399175644,-0.9172091484069824,0.39714065194129944,0,0,34.61872863769531,0,1,0.9992930293083191,0.002044999273493886,-0.03755100443959236,0,0.020527999848127365,0.8069779872894287,0.590224027633667,0,0.03150999918580055,-0.5905770063400269,0.8063660264015198,0,0,15.64346694946289,0,1
K0.067,0.9998819828033447,0.0061711096204817295,-0.014087105169892311,0,-0.005379106383770704,0.9984390139579773,0.05560089275240898,0,0.014408108778297901,-0.05551888793706894,0.9983540177345276,0,0.3805028796195984,91.73216247558594,11.708392143249512,1,0.9999470114707947,-0.001961176749318838,-0.010078835301101208,0,0.0017681792378425598,0.9998160004615784,-0.019093923270702362,0,0.010113837197422981,0.019075926393270493,0.999767005443573,0,0,10.91888427734375,-1.230828046798706,1,0.9997640252113342,-0.0037728946190327406,0.021387120708823204,0,0.0030188891105353832,0.9993770122528076,0.035175032913684845,0,-0.021506117656826973,-0.03510303795337677,0.9991520047187805,0,0,12.819379806518555,0,1,0.9997760057449341,-0.002328891772776842,0.021035119891166687,0,0.0015948864165693521,0.9993910193443298,0.03485803306102753,0,-0.0211041159927845,-0.034816037863492966,0.9991710186004639,0,0,14.65070629119873,0,1,0.9996230006217957,-0.0015270136063918471,-0.0274000596255064,0,0.004337020218372345,0.9946939945220947,0.10279101133346558,0,0.02709805779159069,-0.10287101566791534,0.9943259954452515,0,0,16.4820556640625,0.0000019999999949504854,1,0.9986609816551208,-0.03463500738143921,-0.03843817487359047,0,0.03266799822449684,0.9981809854507446,-0.05066700652241707,0,0.04012317582964897,0.04934300109744072,0.9979760050773621,0,0,7.261107921600342,2.060839891433716,1,0.06824715435504913,0.018085991963744164,-0.9975050091743469,0,0.8607820272445679,-0.5065410733222961,0.049708135426044464,0,-0.5043780207633972,-0.8620259761810303,-0.05013807490468025,0,6.944186210632324,14.408050537109375,-0.23530399799346924,1,0.9334349632263184,0.13760770857334137,-0.33130472898483276,0,0.15338124334812164,0.6817601323127747,0.7153159976005554,0,0.32430338859558105,-0.7185167074203491,0.6152731776237488,0,0,14.708072662353516,0,1,0.9821180105209351,0.18818502128124237,0.005473000463098288,0,-0.18826201558113098,0.9818390011787415,0.023450002074241638,0,-0.0009599995100870728,-0.02406100183725357,0.9997100234031677,0,0,34.312294006347656,0,1,0.9705910682678223,0.21732273697853088,-0.10355411469936371,0,-0.17466576397418976,0.9317561388015747,0.3183116912841797,0,0.1656639724969864,-0.2908627390861511,0.9423130750656128,0,0,24.291616439819336,0,1,0.9435459971427917,0.12842099368572235,-0.3053340017795563,0,-0.04347899928689003,0.9618279933929443,0.2701779901981354,0,0.32837599515914917,-0.24165000021457672,0.913112998008728,0,-3.429147958755493,4.241098880767822,1.3000069856643677,1,0.9956679940223694,-0.06032002717256546,-0.0707629844546318,0,0.057544026523828506,0.9975159764289856,-0.040636006742715836,0,0.0730389878153801,0.036388006061315536,0.9966650009155273,0,-0.48837101459503174,4.458755970001221,0,1,0.9691569805145264,0.04587699845433235,-0.24213600158691406,0,-0.11590000241994858,0.9519330263137817,-0.2835319936275482,0,0.21749000251293182,0.30285099148750305,0.9278900027275085,0,0.10088100284337997,4.718812942504883,0,1,0.9892029762268066,-0.14597098529338837,0.013016007840633392,0,0.13794298470020294,0.9574139714241028,0.2536340355873108,0,-0.0494840070605278,-0.24910102784633636,0.967212975025177,0,-2.9764649868011475,11.908403396606445,-0.3318359851837158,1,0.9995830059051514,-0.02856599912047386,-0.00431300001218915,0,0.028699999675154686,0.9647899866104126,0.26145198941230774,0,-0.00330700003542006,-0.26146599650382996,0.9652069807052612,0,0.0068259998224675655,4.1543660163879395,0,1,0.9999949932098389,-0.0032439997885376215,-0.00011799997446360067,0,0.003161999862641096,0.9652029871940613,0.26148301362991333,0,-0.0007349999505095184,-0.26148200035095215,0.9652079939842224,0,-0.031504999846220016,4.142152786254883,0,1,0.9539809823036194,-0.29177600145339966,-0.06918500363826752,0,0.29394200444221497,0.8642669916152954,0.4082159996032715,0,-0.05931400507688522,-0.4097670018672943,0.910260021686554,0,2.9764649868011475,12.149983406066895,-0.3635990023612976,1,0.9999499917030334,0.010029000230133533,-0.00021399999968707561,0,-0.009766999632120132,0.9781849980354309,0.207505002617836,0,0.0022909999825060368,-0.20749300718307495,0.9782339930534363,0,-0.04589100182056427,3.8907089233398438,0,1,0.9999859929084778,-0.005080000031739473,0.0011239999439567327,0,0.004658000078052282,0.9703909754753113,0.24149499833583832,0,-0.002317999955266714,-0.24148699641227722,0.9704009890556335,0,0.020517000928521156,4.139756202697754,0,1,0.024083929136395454,-0.020446009933948517,0.9995009899139404,0,-0.8591779470443726,-0.5115740895271301,0.010237930342555046,0,0.5111091136932373,-0.8589959144592285,-0.0298879723995924,0,-6.944186210632324,14.407713890075684,-0.23231400549411774,1,0.8741801381111145,-0.4520147144794464,0.1774590015411377,0,0.28258660435676575,0.7707169651985168,0.5710862278938293,0,-0.39490994811058044,-0.44908538460731506,0.8014788031578064,0,0,14.708072662353516,0,1,0.8653713464736938,-0.5007213354110718,-0.020269956439733505,0,0.5009503364562988,0.8632623553276062,0.0618579164147377,0,-0.01347595639526844,-0.06368391960859299,0.9978790283203125,0,0,34.305938720703125,0,1,0.9866029620170593,-0.1392275094985962,0.08503290265798569,0,0.1181095615029335,0.9691309928894043,0.21641266345977783,0,-0.11253894865512848,-0.2034706175327301,0.9725920557975769,0,0,24.290523529052734,0,1,0.9237009882926941,-0.13590000569820404,0.3582020103931427,0,-0.021416999399662018,0.9151920080184937,0.40244799852371216,0,-0.3825159966945648,-0.3794119954109192,0.8424530029296875,0,3.4751429557800293,4.656501770019531,1.4416580200195312,1,0.9824499487876892,0.18652714788913727,-0.0006201124051585793,0,-0.18631616234779358,0.9811719655990601,-0.05087602883577347,0,-0.00888090394437313,0.050099052488803864,0.9987050294876099,0,0.7077720165252686,4.7366042137146,0,1,0.9724090099334717,-0.19735398888587952,-0.1243860051035881,0,0.14477798342704773,0.9286370277404785,-0.3415740132331848,0,0.18291999399662018,0.31414100527763367,0.9315879940986633,0,-0.07647199928760529,4.860551834106445,0,1,0.9893640279769897,0.14326800405979156,-0.025160960853099823,0,-0.1250000298023224,0.9258440732955933,0.356632798910141,0,0.07438893616199493,-0.34969478845596313,0.933906078338623,0,3.009002923965454,13.303518295288086,-0.33683499693870544,1,0.999763011932373,0.021209999918937683,0.0049250004813075066,0,-0.021400000900030136,0.9153640270233154,0.4020580053329468,0,0.004020000342279673,-0.40206900238990784,0.9156010150909424,0,0.002053000032901764,3.9592320919036865,0,1,0.9999960064888,0.0029120007529854774,-0.00011399992217775434,0,-0.0028430006932467222,0.9834830164909363,0.1809770166873932,0,0.0006390000926330686,-0.1809760183095932,0.9834870100021362,0,0.007724999915808439,3.7065179347991943,0,1,0.9779589772224426,0.20741701126098633,0.023960016667842865,0,-0.20096702873706818,0.9039400815963745,0.3774968385696411,0,0.05664096027612686,-0.37399184703826904,0.9257010817527771,0,-3.009002923965454,13.090056419372559,-0.3235509991645813,1,0.9999150037765503,0.012338000349700451,0.00431300001218915,0,-0.012551000341773033,0.8143770098686218,0.5802010297775269,0,0.0036460000555962324,-0.5802050232887268,0.8144620060920715,0,0.0055599999614059925,3.7237939834594727,0,1,0.9999669790267944,0.008011999540030956,0.0011239999439567327,0,-0.0078940000385046,0.9357039928436279,0.35269901156425476,0,0.0017740000039339066,-0.3526960015296936,0.9357360005378723,0,-0.0020000000949949026,3.8556220531463623,0,1,-0.9864709377288818,0.011580951511859894,0.16352517902851105,0,0.06293114274740219,-0.89432293176651,0.4429730474948883,0,0.15137413144111633,0.44727107882499695,0.88149493932724,0,10.04116153717041,-6.074303150177002,-2.5494260787963867,1,0.9934239983558655,-0.10533613711595535,0.044867757707834244,0,0.1144888624548912,0.917698085308075,-0.38042300939559937,0,-0.001102326437830925,0.38305896520614624,0.9237231016159058,0,0,40.89251708984375,0,1,0.9973859786987305,-0.054114773869514465,-0.047876037657260895,0,0.06991890072822571,0.5557743906974792,0.8283873796463013,0,-0.018219834193587303,-0.8295703530311584,0.5581054091453552,0,0,34.62055206298828,0,1,0.9993249773979187,-0.002468004124239087,0.03666399046778679,0,-0.019503995776176453,0.8099798560142517,0.5861331224441528,0,-0.03114399127662182,-0.5864531397819519,0.8093848824501038,0,0,16.09818458557129,0,1,-0.9864750504493713,-0.000047001016355352476,-0.16391372680664062,0,0.004369908943772316,-0.9996520280838013,-0.026014383882284164,0,-0.16385473310947418,-0.026379376649856567,0.9861320853233337,0,-10.04116153717041,-6.074303150177002,-2.164233922958374,1,0.9935970306396484,0.011650936678051949,0.11238166689872742,0,0.001196047174744308,0.9935279488563538,-0.11357828229665756,0,-0.11297765374183655,0.1129852831363678,0.9871529936790466,0,0,40.90545654296875,0,1,0.9979079961776733,-0.02555583044886589,0.059390004724264145,0,-0.046139054000377655,0.36200836300849915,0.9310318231582642,0,-0.04529286548495293,-0.9318239092826843,0.3600723445415497,0,0,34.61872863769531,0,1,0.9992859959602356,0.0019710008054971695,-0.03774099797010422,0,0.020596999675035477,0.8088740110397339,0.5876200199127197,0,0.031686000525951385,-0.5879780054092407,0.8082559704780579,0,0,15.64346694946289,0,1
