1.033,30,30,49
B0,mixamorig_Hips,-1,0.9919613599777222,0.028074495494365692,-0.1232970729470253,0,-0.02350779063999653,0.9989877939224243,0.03828958421945572,0,0.12424612790346146,-0.035089727491140366,0.9916197657585144,0,3.2063236236572266,82.5222396850586,0.599855363368988,1
B1,mixamorig_Spine,0,0.9997623562812805,-0.001104195835068822,0.021733146160840988,0,0.003027185797691345,0.9960596561431885,-0.088619664311409,0,-0.021549977362155914,0.08866328001022339,0.9958283305168152,0,0,11.745773315429688,-1.1383919715881348,1
B2,mixamorig_Spine1,1,0.9985789656639099,-0.002536275191232562,0.05316237360239029,0,0.0016967103583738208,0.9998700618743896,0.01590818166732788,0,-0.053197603672742844,-0.01579822599887848,0.9984551668167114,0,0,13.767609596252441,0,1
B3,mixamorig_Spine2,2,0.9985789656639099,-0.002536275191232562,0.05316237360239029,0,0.0016968543641269207,0.9998700618743896,0.01590818166732788,0,-0.053197603672742844,-0.01579822599887848,0.9984551668167114,0,0,15.734416961669922,0,1
B4,mixamorig_Neck,3,0.9986131191253662,-0.04522157087922096,-0.026894962415099144,0,0.048039451241493225,0.9921086430549622,0.11559000611305237,0,0.021468572318553925,-0.1167229413986206,0.9929084777832031,0,0,17.701208114624023,0,1
B5,mixamorig_Head,4,0.9977526068687439,0.06583712995052338,-0.011931019835174084,0,-0.06574609875679016,0.9977867007255554,0.007990384474396706,0,0.012414430268108845,-0.00718717323616147,0.9998856782913208,0,0,3.9542999267578125,1.1533509492874146,1
B6,mixamorig_HeadTop_End,5,1,0,0,0,0,1,0,0,0,0,1,0,0,34.916290283203125,10.184041023254395,1
B7,mixamorig_LeftShoulder,3,0.23883797228336334,0.012096866965293884,-0.9709829688072205,0,0.8110786080360413,-0.5523092746734619,0.19262424111366272,0,-0.5339528322219849,-0.8335515856742859,-0.1417241245508194,0,7.087015151977539,15.492527961730957,-0.2502390146255493,1
B8,mixamorig_LeftArm,7,0.9918033480644226,-0.03861796855926514,0.12157008796930313,0,-0.027307357639074326,0.8665875792503357,0.49822893738746643,0,-0.12461789697408676,-0.49750345945358276,0.8584407567977905,0,0,15.003520965576172,0,1
B9,mixamorig_LeftForeArm,8,0.5295608639717102,0.8424946665763855,-0.09881042689085007,0,-0.7969256043434143,0.5340321063995361,0.28233495354652405,0,0.29063552618026733,-0.07077258825302124,0.9542123079299927,0,0,30.954450607299805,0,1
B10,mixamorig_LeftHand,9,0.924239993095398,0.27228614687919617,-0.26704204082489014,0,-0.2944665253162384,0.9541966915130615,-0.045567359775304794,0,0.242107093334198,0.12081403285264969,0.9624256491661072,0,0,25.599252700805664,0,1
B11,mixamorig_LeftHandThumb1,10,0.9957519769668579,0.08764000236988068,0.02822599932551384,0,-0.0897969976067543,0.8566429018974304,0.5080360174179077,0,0.020344000309705734,-0.5084120035171509,0.8608738780021667,0,-3.4692800045013428,5.200778961181641,1.2983050346374512,1
B12,mixamorig_LeftHandThumb2,11,0.9991409778594971,-0.0407399982213974,0.007573000155389309,0,0.04081914573907852,0.9991099834442139,-0.010676000267267227,0,-0.0071319998241961,0.010975144803524017,0.9999139904975891,0,-0.3773910105228424,5.094127178192139,0,1
B13,mixamorig_LeftHandThumb3,12,0.9977890253067017,0.06553114205598831,0.011111143976449966,0,-0.06552514433860779,0.9978500008583069,-0.0008998559787869453,0,-0.01114614401012659,0.00016900000628083944,0.9999380111694336,0,0.07421799749135971,4.907240867614746,0,1
B14,mixamorig_LeftHandThumb4,13,1,0,0,0,0,1,0,0,0,0,1,0,0.3031730055809021,3.749079942703247,0,1
B15,mixamorig_LeftHandIndex1,10,0.9919469356536865,-0.12661632895469666,-0.003055501263588667,0,0.10864363610744476,0.8382508158683777,0.534351646900177,0,-0.06509638577699661,-0.5303799510002136,0.845257043838501,0,-3.0137059688568115,13.491154670715332,-0.2782379984855652,1
B16,mixamorig_LeftHandIndex2,15,0.9982227683067322,0.03127286210656166,0.05071885138750076,0,-0.05876879766583443,0.37639501690864563,0.9245792627334595,0,0.00982698891311884,-0.9259175062179565,0.37756380438804626,0,0.022304000332951546,4.035336017608643,0,1
B17,mixamorig_LeftHandIndex3,16,0.9999629855155945,-0.008588000200688839,0.0005949999904260039,0,0.008588000200688839,0.9999629855155945,0.000004999999873689376,0,-0.0005949999904260039,0,1,0,-0.00025099999038502574,4.440658092498779,0,1
B18,mixamorig_LeftHandIndex4,17,1,0,0,0,0,1,0,0,0,0,1,0,-0.022052999585866928,2.553215980529785,0,1
B19,mixamorig_LeftHandMiddle1,10,0.9944230914115906,-0.08284980803728104,0.06525540351867676,0,-0.0006159566692076623,0.6141750812530518,0.7891687750816345,0,-0.10546047240495682,-0.7848084568977356,0.6106991767883301,0,3.0137059688568115,13.567781448364258,-0.5873690247535706,1
B20,mixamorig_LeftHandMiddle2,19,0.9865113496780396,0.11042175441980362,0.12083492428064346,0,-0.1247178390622139,0.028948375955224037,0.991756796836853,0,0.10601663589477539,-0.9934501647949219,0.04232988506555557,0,-0.039135001599788666,4.439548969268799,0,1
B21,mixamorig_LeftHandMiddle3,20,0.9999690055847168,-0.007845000363886356,-0.0004569999873638153,0,0.007845000363886356,0.9999690055847168,0,0,0.0004569999873638153,-0.000004144025297136977,1,0,0.035679999738931656,3.8496339321136475,0,1
B22,mixamorig_LeftHandMiddle4,21,1,0,0,0,0,1,0,0,0,0,1,0,0.0034549999982118607,2.4499399662017822,0,1
B23,mixamorig_RightShoulder,3,0.009816925972700119,-0.04862234368920326,0.9987658262252808,0,-0.8046240210533142,-0.5934088230133057,-0.020979909226298332,0,0.5936968922615051,-0.8034313917160034,-0.04494797810912132,0,-7.087015151977539,15.485581398010254,-0.17856299877166748,1
B24,mixamorig_RightArm,23,0.8829393982887268,0.417265921831131,0.2143111526966095,0,-0.4565242826938629,0.6593579649925232,0.5970339179039001,0,0.10779084265232086,-0.6252180933952332,0.7729635834693909,0,0,15.003520011901855,0,1
B25,mixamorig_RightForeArm,24,0.8798079490661621,-0.3307074308395386,0.34098026156425476,0,0.2938380837440491,0.9428547024726868,0.15630318224430084,0,-0.373229444026947,-0.03723207861185074,0.9269628524780273,0,0,30.949432373046875,0,1
B26,mixamorig_RightHand,25,0.930094838142395,-0.27907681465148926,0.23745544254779816,0,0.2806825637817383,0.9589084982872009,0.02739190123975277,0,-0.23509275913238525,0.04101382941007614,0.9709421396255493,0,0,25.600196838378906,0,1
B27,mixamorig_RightHandThumb1,26,0.975653350353241,-0.18829113245010376,-0.11226213723421097,0,0.21568681299686432,0.9156165719032288,0.3390287756919861,0,0.038883645087480545,-0.3549743890762329,0.933986246585846,0,3.4537830352783203,5.548986911773682,1.3958569765090942,1
B28,mixamorig_RightHandThumb2,27,0.9074179530143738,0.1521613746881485,0.3917118012905121,0,-0.24356302618980408,0.9500405192375183,0.19517867267131805,0,-0.3424418568611145,-0.2725156247615814,0.8991475105285645,0,0.5346260070800781,5.319955825805664,0,1
B29,mixamorig_RightHandThumb3,28,0.9835349917411804,-0.177388995885849,-0.034519001841545105,0,0.1772869974374771,0.9841409921646118,-0.006002999842166901,0,0.03503600135445595,-0.00021600000036414713,0.9993860125541687,0,0.03112100064754486,5.046841144561768,0,1
B30,mixamorig_RightHandThumb4,29,1,0,0,0,0,1,0,0,0,0,1,0,-0.5657470226287842,3.2531421184539795,0,1
B31,mixamorig_RightHandIndex1,26,0.9763892889022827,0.21533018350601196,-0.01720990613102913,0,-0.17329901456832886,0.8283782005310059,0.5326825976371765,0,0.12895724177360535,-0.517124354839325,0.8461365699768066,0,3.007733106613159,15.052847862243652,-0.33154401183128357,1
B32,mixamorig_RightHandIndex2,31,0.9952478408813477,-0.04522199183702469,-0.08622869849205017,0,0.09736314415931702,0.46790745854377747,0.8783708810806274,0,0.0006194250308908522,-0.8825932741165161,0.47008809447288513,0,0.00202700006775558,3.9592320919036865,0,1
B33,mixamorig_RightHandIndex3,32,0.9999819993972778,-0.006010999903082848,-0.0001939999929163605,0,0.006010999903082848,0.9999819993972778,0,0,0.0001939999929163605,0,1,0,0.007602000143378973,3.7065188884735107,0,1
B34,mixamorig_RightHandIndex4,33,1,0,0,0,0,1,0,0,0,0,1,0,-0.009630000218749046,2.4236130714416504,0,1
B35,mixamorig_RightHandMiddle1,26,0.9827186465263367,0.1786336600780487,-0.04850604385137558,0,-0.09632345288991928,0.7172793745994568,0.6900495886802673,0,0.15805116295814514,-0.6734544634819031,0.7220916152000427,0,-3.007733106613159,14.776867866516113,-0.31955501437187195,1
B36,mixamorig_RightHandMiddle2,35,0.988421618938446,-0.07768063247203827,-0.13033513724803925,0,0.15029343962669373,0.3835245966911316,0.9111961126327515,0,-0.020800618454813957,-0.9202353358268738,0.39076048135757446,0,0.0052919997833669186,3.7237939834594727,0,1
B37,mixamorig_RightHandMiddle3,36,1,-0.000699999975040555,-0.000011000000085914508,0,0.000699999975040555,1,0,0,0.000011000000085914508,0,1,0,-0.001867000013589859,3.8556220531463623,0,1
B38,mixamorig_RightHandMiddle4,37,1,0,0,0,0,1,0,0,0,0,1,0,-0.003425000002607703,2.850954055786133,0,1
B39,mixamorig_LeftUpLeg,0,-0.9784945845603943,-0.08929257839918137,0.18571709096431732,0,0.047768134623765945,-0.9748854637145996,-0.21668152511119843,0,0.20055346190929413,-0.2031201720237732,0.9582324028015137,0,9.626603126525879,-6.528357982635498,-2.0067710876464844,1
B40,mixamorig_LeftLeg,39,0.931544303894043,-0.188567116856575,-0.31077268719673157,0,0.01568475179374218,0.8749398589134216,-0.4838418662548065,0,0.3631174862384796,0.4459058344364166,0.8180872797966003,0,0,41.278804779052734,0,1
B41,mixamorig_LeftFoot,40,0.980445921421051,0.19562818109989166,-0.01971747726202011,0,-0.014344772323966026,0.17163892090320587,0.9849398136138916,0,0.19613943994045258,-0.9654015302658081,0.1711234748363495,0,0,30.011940002441406,0,1
B42,mixamorig_LeftToeBase,41,0.985518753528595,-0.028881467878818512,0.16701921820640564,0,-0.12401193380355835,0.5478782057762146,0.8269335627555847,0,-0.11548404395580292,-0.8356866240501404,0.5363451242446899,0,0,16.083330154418945,0,1
B43,mixamorig_LeftToe_End,42,1,0,0,0,0,1,0,0,0,0,1,0,0,7.824993133544922,0,1
B44,mixamorig_RightUpLeg,0,-0.9934393167495728,0.02962694875895977,-0.11039887368679047,0,-0.08860423415899277,-0.8095634579658508,0.5799857974052429,0,-0.07225849479436874,0.5859704613685608,0.8068808913230896,0,-9.626603126525879,-6.528357982635498,-1.5980260372161865,1
B45,mixamorig_RightLeg,44,0.9995508193969727,-0.02376583404839039,-0.017391467466950417,0,0.020007003098726273,0.9773220419883728,-0.20331303775310516,0,0.0218735970556736,0.20287713408470154,0.9773571491241455,0,0,41.318058013916016,0,1
B46,mixamorig_RightFoot,45,0.9973525404930115,-0.013579260557889938,0.07132446765899658,0,-0.06456586718559265,0.28348785638809204,0.9567993879318237,0,-0.03321250528097153,-0.9588717222213745,0.2818590998649597,0,0,30.012853622436523,0,1
B47,mixamorig_RightToeBase,46,0.996062695980072,0.007017327938228846,-0.08799219876527786,0,0.05666539818048477,0.7110227346420288,0.7003099322319031,0,0.06760403513908386,-0.7025740742683411,0.707808256149292,0,0,15.653482437133789,0,1
B48,mixamorig_RightToe_End,47,1,0,0,0,0,1,0,0,0,0,1,0,0,7.542731761932373,0,1
@40,0,1,2,3,4,5,7,8,9,10,11,12,13,15,16,17,19,20,21,23,24,25,26,27,28,29,31,32,33,35,36,37,39,40,41,42,44,45,46,47
K0.000,0.9988539814949036,-0.01460800040513277,-0.04556899890303612,0,0.015409000217914581,0.9997320175170898,0.017280999571084976,0,0.04530499875545502,-0.017962999641895294,0.9988120198249817,0,-0.029613999649882317,87.63341522216797,1.822698950767517,1,0.9999470114707947,-0.006779000163078308,-0.007782999891787767,0,0.006022999994456768,0.9956179857254028,-0.09331800043582916,0,0.008382000029087067,0.09326600283384323,0.995606005191803,0,0,11.745773315429688,-1.1383919715881348,1,0.9998890161514282,0.009872999973595142,-0.011125000193715096,0,-0.009797999635338783,0.9999290108680725,0.0068259998224675655,0,0.011191999539732933,-0.0067159999161958694,0.9999150037765503,0,0,13.767609596252441,0,1,0.9998890161514282,0.009872999973595142,-0.011125000193715096,0,-0.009797999635338783,0.9999290108680725,0.0068259998224675655,0,0.011191999539732933,-0.0067159999161958694,0.9999150037765503,0,0,15.734416961669922,0,1,0.9997460246086121,-0.021751999855041504,0.005886999890208244,0,0.02108299918472767,0.9951059818267822,0.0965379998087883,0,-0.007957999594509602,-0.09638900309801102,0.995311975479126,0,0,17.701208114624023,0,1,0.9980499744415283,0.030729999765753746,0.054322000592947006,0,-0.033250000327825546,0.9983829855918884,0.04610700160264969,0,-0.05281699821352959,-0.04782300069928169,0.9974579811096191,0,0,3.9542999267578125,1.1533509492874146,1,0.19593000411987305,0.02051899954676628,-0.9804030060768127,0,0.8125600218772888,-0.5630850195884705,0.15060199797153473,0,-0.5489599704742432,-0.8261439800262451,-0.12699800729751587,0,7.087015151977539,15.492527961730957,-0.2502390146255493,1,0.9837470054626465,-0.13444800674915314,0.11902099847793579,0,0.043616000562906265,0.8219090104103088,0.5679460167884827,0,-0.17418399453163147,-0.5535240173339844,0.8144149780273438,0,0,15.003520965576172,0,1,0.8190839886665344,0.5172799825668335,-0.24803900718688965,0,-0.4436430037021637,0.8452799916267395,0.2977980077266693,0,0.3637070059776306,-0.13388100266456604,0.9218419790267944,0,0,30.954450607299805,0,1,0.833935022354126,0.3725470006465912,-0.407137006521225,0,-0.4180839955806732,0.9080520272254944,-0.025452999398112297,0,0.36021900177001953,0.19144399464130402,0.9130120277404785,0,0,25.599252700805664,0,1,0.9957519769668579,0.08764000236988068,0.02822599932551384,0,-0.0897969976067543,0.8566420078277588,0.5080360174179077,0,0.020344000309705734,-0.5084120035171509,0.8608729839324951,0,-3.4692800045013428,5.200778961181641,1.2983050346374512,1,0.9991409778594971,-0.0407399982213974,0.007573000155389309,0,0.04081900045275688,0.9991099834442139,-0.010676000267267227,0,-0.0071310000494122505,0.010975999757647514,0.9999139904975891,0,-0.3773910105228424,5.094127178192139,0,1,0.9977890253067017,0.06553100049495697,0.011111999861896038,0,-0.06552500277757645,0.9978500008583069,-0.0008999999845400453,0,-0.011146999895572662,0.00016900000628083944,0.9999380111694336,0,0.07421799749135971,4.907240867614746,0,1,0.985916018486023,-0.16710400581359863,0.006754999980330467,0,0.12217500060796738,0.7472410202026367,0.6532260179519653,0,-0.11420399695634842,-0.6432009935379028,0.7571330070495605,0,-3.0137059688568115,13.491154670715332,-0.2782379984855652,1,0.9966390132904053,0.037230998277664185,0.07296700030565262,0,-0.07733400166034698,0.13388000428676605,0.987975001335144,0,0.027014000341296196,-0.9902979731559753,0.13630999624729156,0,0.022304000332951546,4.035336017608643,0,1,0.9999629855155945,-0.008588000200688839,0.0005949999904260039,0,0.008588000200688839,0.9999629855155945,0.000004999999873689376,0,-0.0005949999904260039,0,1,0,-0.00025099999038502574,4.440658092498779,0,1,0.9902889728546143,-0.11415600031614304,0.07935500144958496,0,-0.012564999982714653,0.4949589967727661,0.8688259720802307,0,-0.1384589970111847,-0.8613849878311157,0.4887169897556305,0,3.0137059688568115,13.567781448364258,-0.5873690247535706,1,0.9831910133361816,0.10523699969053268,0.14920000731945038,0,-0.12313000112771988,-0.2212049961090088,0.9674230217933655,0,0.13481299579143524,-0.9695320129394531,-0.20452900230884552,0,-0.039135001599788666,4.439548969268799,0,1,0.9999690055847168,-0.007845000363886356,-0.0004569999873638153,0,0.007845000363886356,0.9999690055847168,0,0,0.0004569999873638153,-0.000003999999989900971,1,0,0.035679999738931656,3.8496339321136475,0,1,0.07718899846076965,-0.03564700111746788,0.996379017829895,0,-0.821586012840271,-0.5684360265731812,0.04331099987030029,0,0.5648339986801147,-0.8219550251960754,-0.07316400110721588,0,-7.087015151977539,15.485581398010254,-0.17856299877166748,1,0.9215239882469177,0.3819420039653778,-0.0701029971241951,0,-0.2632499933242798,0.7471650242805481,0.6102820038795471,0,0.28547000885009766,-0.5439350008964539,0.7890759706497192,0,0,15.003520011901855,0,1,0.9002630114555359,-0.3988960087299347,0.17438000440597534,0,0.3363420069217682,0.8916109800338745,0.3031579852104187,0,-0.27640700340270996,-0.21427099406719208,0.9368500113487244,0,0,30.949432373046875,0,1,0.8359619975090027,-0.2560279965400696,0.48540401458740234,0,0.2749060094356537,0.9608910083770752,0.033383000642061234,0,-0.47496798634529114,0.10553299635648727,0.8736519813537598,0,0,25.600196838378906,0,1,0.9917830228805542,-0.12080100178718567,-0.04210999980568886,0,0.1279280036687851,0.9383029937744141,0.32128000259399414,0,0.0007009999826550484,-0.32402798533439636,0.9460470080375671,0,3.4537830352783203,5.548986911773682,1.3958569765090942,1,0.9157270193099976,0.11092700064182281,0.38618600368499756,0,-0.1895979940891266,0.96669602394104,0.17190499603748322,0,-0.3542560040950775,-0.23063799738883972,0.9062610268592834,0,0.5346260070800781,5.319955825805664,0,1,0.9835349917411804,-0.177388995885849,-0.034519001841545105,0,0.1772869974374771,0.9841409921646118,-0.006002999842166901,0,0.03503600135445595,-0.00021600000036414713,0.9993860125541687,0,0.03112100064754486,5.046841144561768,0,1,0.978663980960846,0.20386600494384766,-0.02558800019323826,0,-0.1441749930381775,0.7701110243797302,0.6214039921760559,0,0.14638899266719818,-0.6044570207595825,0.7830719947814941,0,3.007733106613159,15.052847862243652,-0.33154401183128357,1,0.9940980076789856,-0.04953699931502342,-0.09651199728250504,0,0.10820700228214264,0.38946500420570374,0.9146630167961121,0,-0.007720999885350466,-0.9197080135345459,0.3925270140171051,0,0.00202700006775558,3.9592320919036865,0,1,0.9999819993972778,-0.006010999903082848,-0.0001939999929163605,0,0.006010999903082848,0.9999819993972778,0,0,0.0001939999929163605,0,1,0,0.007602000143378973,3.7065188884735107,0,1,0.9833149909973145,0.17334100604057312,-0.05516999959945679,0,-0.07630199939012527,0.6683390140533447,0.7399330139160156,0,0.16513200104236603,-0.7233780026435852,0.6704139709472656,0,-3.007733106613159,14.776867866516113,-0.31955501437187195,1,0.9862650036811829,-0.0807579979300499,-0.14408500492572784,0,0.16145700216293335,0.2873690128326416,0.9441140294075012,0,-0.034839000552892685,-0.9544090032577515,0.29646098613739014,0,0.0052919997833669186,3.7237939834594727,0,1,1,-0.000699999975040555,-0.000011000000085914508,0,0.000699999975040555,1,0,0,0.000011000000085914508,0,1,0,-0.001867000013589859,3.8556220531463623,0,1,-0.9880489706993103,-0.054499998688697815,0.14418399333953857,0,0.10079500079154968,-0.9361420273780823,0.33686599135398865,0,0.11661700159311295,0.34737300872802734,0.930446982383728,0,9.626603126525879,-6.528357982635498,-2.0067710876464844,1,0.9997419714927673,-0.01888599991798401,-0.01259199995547533,0,-0.003602999961003661,0.415677011013031,-0.9095050096511841,0,0.022410999983549118,0.9093160033226013,0.41550201177597046,0,0,41.278804779052734,0,1,0.9974380135536194,0.01609800010919571,-0.06969600170850754,0,0.056706998497247696,0.41595199704170227,0.9076169729232788,0,0.04360099881887436,-0.9092440009117126,0.41397300362586975,0,0,30.011940002441406,0,1,0.9977229833602905,-0.022657999768853188,0.06353099644184113,0,-0.01700199954211712,0.8269969820976257,0.5619490146636963,0,-0.06527300179004669,-0.5617499947547913,0.8247280120849609,0,0,16.083330154418945,0,1,-0.9886680245399475,-0.05649600178003311,-0.1390800029039383,0,0.03925500065088272,-0.9915400147438049,0.1237260028719902,0,-0.14489300549030304,0.11686400324106216,0.9825220108032227,0,-9.626603126525879,-6.528357982635498,-1.5980260372161865,1,0.9901170134544373,0.05440099909901619,0.12926200032234192,0,-0.015541000291705132,0.9585850238800049,-0.28438401222229004,0,-0.13937899470329285,0.2795639932155609,0.9499559998512268,0,0,41.318058013916016,0,1,0.9897680282592773,-0.120899997651577,0.07578299939632416,0,-0.020423000678420067,0.4056040048599243,0.9138209819793701,0,-0.14121900498867035,-0.9060180187225342,0.39898398518562317,0,0,30.012853622436523,0,1,0.9945690035820007,-0.00031999999191612005,-0.10407800227403641,0,0.06210700049996376,0.8042619824409485,0.5910199880599976,0,0.08351700007915497,-0.5942739844322205,0.7999140024185181,0,0,15.653482437133789,0,1
K0.033,0.9995750188827515,-0.016114067286252975,-0.024294819682836533,0,0.01654406264424324,0.9997079968452454,0.01762298122048378,0,0.02400381676852703,-0.018016977235674858,0.9995499849319458,0,-0.15031270682811737,88.038330078125,1.5196536779403687,1,0.9998970031738281,-0.008666991256177425,-0.011477034538984299,0,0.00756298890337348,0.9956409931182861,-0.0929579809308052,0,0.012233033776283264,0.09286097437143326,0.9956039786338806,0,0,11.745773315429688,-1.1383919715881348,1,0.9997230172157288,0.005023977719247341,-0.02298010140657425,0,-0.004851975943893194,0.9999600052833557,0.00750303827226162,0,0.023017100989818573,-0.007390038575977087,0.9997079968452454,0,0,13.767609596252441,0,1,0.9997230172157288,0.005023977719247341,-0.02298010140657425,0,-0.004851975943893194,0.9999600052833557,0.00750303827226162,0,0.023017100989818573,-0.007390038575977087,0.9997079968452454,0,0,15.734416961669922,0,1,0.999908983707428,-0.009189833886921406,0.009859059005975723,0,0.008094828575849533,0.9943439960479736,0.10589700937271118,0,-0.01077704131603241,-0.10580800473690033,0.9943280220031738,0,0,17.701208114624023,0,1,0.9983130097389221,0.02499488554894924,0.05239895358681679,0,-0.027045883238315582,0.9988800287246704,0.03881297633051872,0,-0.051369957625865936,-0.040164969861507416,0.997871994972229,0,0,3.9542999267578125,1.1533509492874146,1,0.17630791664123535,0.025353018194437027,-0.9840080142021179,0,0.824658989906311,-0.5496259927749634,0.13359591364860535,0,-0.5374500155448914,-0.8350260257720947,-0.11781096458435059,0,7.087015151977539,15.492527961730957,-0.2502390146255493,1,0.9729418754577637,-0.21373465657234192,0.0877554714679718,0,0.11907283216714859,0.7893308401107788,0.6023120284080505,0,-0.19800297915935516,-0.5755649209022522,0.793423056602478,0,0,15.003520965576172,0,1,0.8349289298057556,0.49538910388946533,-0.23975609242916107,0,-0.4317970871925354,0.8597479462623596,0.2727369964122772,0,0.3412400782108307,-0.12418992072343826,0.9317359924316406,0,0,30.954450607299805,0,1,0.8144381046295166,0.38646796345710754,-0.4328208267688751,0,-0.4259589612483978,0.9047210216522217,0.006303905043751001,0,0.3940178155899048,0.1792299896478653,0.9014580845832825,0,0,25.599252700805664,0,1,0.9957519769668579,0.08764000236988068,0.02822599932551384,0,-0.0897969976067543,0.8566420078277588,0.5080360174179077,0,0.020344000309705734,-0.5084120035171509,0.8608729839324951,0,-3.4692800045013428,5.200778961181641,1.2983050346374512,1,0.9991409778594971,-0.0407399982213974,0.007573000155389309,0,0.04081900045275688,0.9991099834442139,-0.010676000267267227,0,-0.0071319998241961,0.010975999757647514,0.9999139904975891,0,-0.3773910105228424,5.094127178192139,0,1,0.9977890253067017,0.06553199887275696,0.011110999621450901,0,-0.06552600115537643,0.9978500008583069,-0.0008989999769255519,0,-0.011145999655127525,0.00016900000628083944,0.9999380111694336,0,0.07421799749135971,4.907240867614746,0,1,0.9864670038223267,-0.1638459712266922,0.006102990359067917,0,0.1230740174651146,0.7645561695098877,0.6326977610588074,0,-0.10833093523979187,-0.6233837604522705,0.7743752002716064,0,-3.0137059688568115,13.491154670715332,-0.2782379984855652,1,0.9970070123672485,0.036446988582611084,0.06817694753408432,0,-0.0738009586930275,0.18611857295036316,0.9797518849372864,0,0.023019958287477493,-0.9818508625030518,0.1882515698671341,0,0.022304000332951546,4.035336017608643,0,1,0.9999629855155945,-0.008588000200688839,0.0005949999904260039,0,0.008588000200688839,0.9999629855155945,0.000004999999873689376,0,-0.0005949999904260039,0,1,0,-0.00025099999038502574,4.440658092498779,0,1,0.9906830191612244,-0.11188597977161407,0.07764797657728195,0,-0.008621951565146446,0.5174752473831177,0.8556548357009888,0,-0.13591596484184265,-0.8483518362045288,0.5116892457008362,0,3.0137059688568115,13.567781448364258,-0.5873690247535706,1,0.9838809967041016,0.10690601170063019,0.1433519423007965,0,-0.12406900525093079,-0.1692284196615219,0.9777370691299438,0,0.1287849396467209,-0.979762077331543,-0.15323643386363983,0,-0.039135001599788666,4.439548969268799,0,1,0.9999690055847168,-0.007845000363886356,-0.0004569999873638153,0,0.007845000363886356,0.9999690055847168,0,0,0.0004569999873638153,-0.00000400000999434269,1,0,0.035679999738931656,3.8496339321136475,0,1,0.09147509187459946,-0.03327399119734764,0.9952509999275208,0,-0.8273391127586365,-0.5587658286094666,0.057360097765922546,0,0.5542038083076477,-0.8286570906639099,-0.07864203304052353,0,-7.087015151977539,15.485581398010254,-0.17856299877166748,1,0.9054741859436035,0.40505844354629517,-0.12666451930999756,0,-0.24888622760772705,0.7485532164573669,0.6145920157432556,0,0.34376007318496704,-0.5249730944633484,0.7786088585853577,0,0,15.003520011901855,0,1,0.8331235647201538,-0.543829619884491,0.10076861828565598,0,0.4809986352920532,0.8023484349250793,0.35337820649147034,0,-0.27302899956703186,-0.24593818187713623,0.9300369620323181,0,0,30.949432373046875,0,1,0.8353131413459778,-0.15647025406360626,0.5270379185676575,0,0.1623682975769043,0.9860941171646118,0.03541770577430725,0,-0.5252509117126465,0.05598987266421318,0.8491030335426331,0,0,25.600196838378906,0,1,0.9902340173721313,-0.1316511482000351,-0.045876044780015945,0,0.13941015303134918,0.9320659637451172,0.33439216017723083,0,-0.0012640304630622268,-0.33752214908599854,0.9413169622421265,0,3.4537830352783203,5.548986911773682,1.3958569765090942,1,0.9220399856567383,0.10940492153167725,0.3713129460811615,0,-0.1828138828277588,0.9685880541801453,0.16857394576072693,0,-0.34120601415634155,-0.22331289947032928,0.9130769968032837,0,0.5346260070800781,5.319955825805664,0,1,0.9835349917411804,-0.177388995885849,-0.034519001841545105,0,0.1772869974374771,0.9841409921646118,-0.006002999842166901,0,0.03503600135445595,-0.00021600000036414713,0.9993860125541687,0,0.03112100064754486,5.046841144561768,0,1,0.9789000153541565,0.20246697962284088,-0.02758701704442501,0,-0.13714393973350525,0.7510699033737183,0.6458211541175842,0,0.15147702395915985,-0.6284111738204956,0.7629898190498352,0,3.007733106613159,15.052847862243652,-0.33154401183128357,1,0.9938499927520752,-0.05041201040148735,-0.09859701991081238,0,0.11029402166604996,0.37113383412361145,0.9220060706138611,0,-0.009887021966278553,-0.9272100329399109,0.37441182136535645,0,0.00202700006775558,3.9592320919036865,0,1,0.9999819993972778,-0.006010999903082848,-0.0001939999929163605,0,0.006010999903082848,0.9999819993972778,0,0,0.0001939999929163605,0,1,0,0.007602000143378973,3.7065188884735107,0,1,0.9836210012435913,0.1705009788274765,-0.05847602337598801,0,-0.06781293451786041,0.6506187915802002,0.7563701272010803,0,0.16700701415538788,-0.7400161027908325,0.6515248417854309,0,-3.007733106613159,14.776867866516113,-0.31955501437187195,1,0.9858540296554565,-0.08145800977945328,-0.1464790254831314,0,0.16329701244831085,0.2699428200721741,0.9489280581474304,0,-0.03775602951645851,-0.9594250321388245,0.27942582964897156,0,0.0052919997833669186,3.7237939834594727,0,1,1,-0.000699999975040555,-0.000011000000085914508,0,0.000699999975040555,1,0,0,0.000011000000085914508,0,1,0,-0.001867000013589859,3.8556220531463623,0,1,-0.9893739819526672,-0.038035936653614044,0.14033085107803345,0,0.09263793379068375,-0.9088077545166016,0.4068014621734619,0,0.11206085234880447,0.4154784381389618,0.9026738405227661,0,9.626603126525879,-6.528357982635498,-2.0067710876464844,1,0.9998229742050171,0.007444259710609913,0.01726635918021202,0,0.01074706669896841,0.5272233486175537,-0.8496580123901367,0,-0.015428449958562851,0.8496939539909363,0.5270503759384155,0,0,41.278804779052734,0,1,0.997310996055603,0.02519712783396244,-0.06881199777126312,0,0.05363595485687256,0.3888378441333771,0.919744074344635,0,0.049931108951568604,-0.9209610819816589,0.38644084334373474,0,0,30.011940002441406,0,1,0.995814859867096,-0.01165679469704628,0.09064784646034241,0,-0.042485691606998444,0.8191138505935669,0.5720551013946533,0,-0.080919548869133,-0.5735122561454773,0.8151907324790955,0,0,16.083330154418945,0,1,-0.9867510199546814,-0.053045932203531265,-0.15332414209842682,0,0.04641803726553917,-0.9978389739990234,0.04649535194039345,0,-0.15545910596847534,0.038762349635362625,0.9870820045471191,0,-9.626603126525879,-6.528357982635498,-1.5980260372161865,1,0.9880470037460327,0.05632012337446213,0.14349713921546936,0,-0.018452076241374016,0.9673870205879211,-0.2526320219039917,0,-0.1530461609363556,0.2469640076160431,0.9568619132041931,0,0,41.318058013916016,0,1,0.9881190061569214,-0.1336641162633896,0.07585598528385162,0,-0.01667199097573757,0.3974277079105377,0.9174821376800537,0,-0.15278209745883942,-0.9078460931777954,0.3904776871204376,0,0,30.012853622436523,0,1,0.9947829842567444,-0.0018830114277079701,-0.10200001299381256,0,0.06251601874828339,0.8013589978218079,0.5949079990386963,0,0.0806180015206337,-0.5981810092926025,0.7972949743270874,0,0,15.653482437133789,0,1
K0.067,0.9997209906578064,-0.02279593236744404,-0.006156180053949356,0,0.022889936342835426,0.9996150135993958,0.01567401923239231,0,0.005796181038022041,-0.015811022371053696,0.999858021736145,0,-0.22102530300617218,87.88703155517578,1.1854543685913086,1,0.999858021736145,-0.007821008563041687,-0.014948965981602669,0,0.0064290110021829605,0.9958310127258301,-0.09098902344703674,0,0.015597966499626637,0.09088002145290375,0.9957399964332581,0,0,11.745773315429688,-1.1383919715881348,1,0.9994500279426575,0.0028130218852311373,-0.033045899122953415,0,-0.002440023934468627,0.9999330043792725,0.011338962242007256,0,0.03307490050792694,-0.011252962052822113,0.9993900060653687,0,0,13.767609596252441,0,1,0.9994500279426575,0.0028130218852311373,-0.033045899122953415,0,-0.002440023934468627,0.9999330043792725,0.011338962242007256,0,0.03307490050792694,-0.011252962052822113,0.9993900060653687,0,0,15.734416961669922,0,1,0.9998480081558228,0.007423834875226021,0.015745941549539566,0,-0.00906382966786623,0.9942460060119629,0.10673399269580841,0,-0.014862959273159504,-0.10685998946428299,0.9941629767417908,0,0,17.701208114624023,0,1,0.9987639784812927,0.013615112751722336,0.047802045941352844,0,-0.015367116779088974,0.9992160201072693,0.036477021872997284,0,-0.047267042100429535,-0.03716602921485901,0.9981909990310669,0,0,3.9542999267578125,1.1533509492874146,1,0.16690309345722198,0.02723398059606552,-0.9855970144271851,0,0.8252480030059814,-0.5508710145950317,0.12452708929777145,0,-0.539546012878418,-0.8341460227966309,-0.11441703885793686,0,7.087015151977539,15.492527961730957,-0.2502390146255493,1,0.9594181180000305,-0.2798103392124176,0.03497452661395073,0,0.20283116400241852,0.7709351778030396,0.6037539839744568,0,-0.19590000808238983,-0.5721590518951416,0.7964029908180237,0,0,15.003520965576172,0,1,0.8263920545578003,0.5049659013748169,-0.24916991591453552,0,-0.4402359127998352,0.8552920818328857,0.27325400710105896,0,0.35109689831733704,-0.11612208187580109,0.9291110038757324,0,0,30.954450607299805,0,1,0.8252188563346863,0.38297802209854126,-0.41514018177986145,0,-0.42228004336357117,0.9064599871635437,-0.003176905680447817,0,0.37509116530418396,0.17792701721191406,0.9097519516944885,0,0,25.599252700805664,0,1,0.9957519769668579,0.08764000236988068,0.02822599932551384,0,-0.0897969976067543,0.8566420078277588,0.5080360174179077,0,0.020344000309705734,-0.5084120035171509,0.8608729839324951,0,-3.4692800045013428,5.200778961181641,1.2983050346374512,1,0.9991409778594971,-0.0407399982213974,0.007573000155389309,0,0.04081900045275688,0.9991099834442139,-0.010676000267267227,0,-0.0071319998241961,0.010975999757647514,0.9999139904975891,0,-0.3773910105228424,5.094127178192139,0,1,0.9977890253067017,0.06553100049495697,0.011111999861896038,0,-0.06552500277757645,0.9978500008583069,-0.0008989999769255519,0,-0.011146999895572662,0.00016900000628083944,0.9999380111694336,0,0.07421799749135971,4.907240867614746,0,1,0.9869920015335083,-0.16069002449512482,0.005138009786605835,0,0.12444598227739334,0.7838258147239685,0.6083832383155823,0,-0.10178806632757187,-0.5998292565345764,0.7936268448829651,0,-3.0137059688568115,13.491154670715332,-0.2782379984855652,1,0.9973909854888916,0.03529701009392738,0.06297405064105988,0,-0.06968503445386887,0.2428344339132309,0.9675621390342712,0,0.018860040232539177,-0.9694251418113708,0.24466043710708618,0,0.022304000332951546,4.035336017608643,0,1,0.9999629855155945,-0.008588000200688839,0.0005949999904260039,0,0.008588000200688839,0.9999629855155945,0.000004999999873689376,0,-0.0005949999904260039,0,1,0,-0.00025099999038502574,4.440658092498779,0,1,0.9910789728164673,-0.10982102155685425,0.07550802081823349,0,-0.0037940479815006256,0.5430837869644165,0.8396701812744141,0,-0.13322003185749054,-0.8324651718139648,0.5378227829933167,0,3.0137059688568115,13.567781448364258,-0.5873690247535706,1,0.9846349954605103,0.10845798254013062,0.13685806095600128,0,-0.12473399192094803,-0.11165257543325424,0.9858879446983337,0,0.12220806628465652,-0.9878109693527222,-0.09640856832265854,0,-0.039135001599788666,4.439548969268799,0,1,0.9999690055847168,-0.007845000363886356,-0.0004569999873638153,0,0.007845000363886356,0.9999690055847168,0,0,0.0004569999873638153,-0.000004999989869247656,1,0,0.035679999738931656,3.8496339321136475,0,1,0.1005949079990387,-0.032440006732940674,0.9943979978561401,0,-0.8374378681182861,-0.5424071550369263,0.06702190637588501,0,0.5371941924095154,-0.8394888639450073,-0.08172997087240219,0,-7.087015151977539,15.485581398010254,-0.17856299877166748,1,0.9205658435821533,0.34762758016586304,-0.17808249592781067,0,-0.17198576033115387,0.7701217532157898,0.6142740249633789,0,0.35068392753601074,-0.5348519086837769,0.7687351107597351,0,0,15.003520011901855,0,1,0.7929044365882874,-0.6061254143714905,0.06256838142871857,0,0.5440073609352112,0.7503995299339294,0.3754428029060364,0,-0.2745169997215271,-0.26365283131599426,0.9247310757637024,0,0,30.949432373046875,0,1,0.8493309020996094,-0.08237973600625992,0.5213920474052429,0,0.09294669330120087,0.9956538677215576,0.005905293393880129,0,-0.5196120738983154,0.04344712197780609,0.8532969355583191,0,0,25.600196838378906,0,1,0.9879890084266663,-0.14607085287570953,-0.05040295422077179,0,0.1544618457555771,0.9244750738143921,0.34855085611343384,0,-0.004316969774663448,-0.3521498441696167,0.9359340667724609,0,3.4537830352783203,5.548986911773682,1.3958569765090942,1,0.9248579740524292,0.10087507963180542,0.36669105291366577,0,-0.17068912088871002,0.9717169404029846,0.16319206357002258,0,-0.3398579955101013,-0.2135201096534729,0.9159179925918579,0,0.5346260070800781,5.319955825805664,0,1,0.9835349917411804,-0.177388995885849,-0.034519001841545105,0,0.1772869974374771,0.9841409921646118,-0.006002999842166901,0,0.03503600135445595,-0.00021600000036414713,0.9993860125541687,0,0.03112100064754486,5.046841144561768,0,1,0.9791719913482666,0.20092201232910156,-0.029182983562350273,0,-0.1313670575618744,0.7365721464157104,0.6634787917137146,0,0.15480296313762665,-0.6458258032798767,0.7476261854171753,0,3.007733106613159,15.052847862243652,-0.33154401183128357,1,0.993573009967804,-0.051347993314266205,-0.10087797790765762,0,0.1125439777970314,0.3527461886405945,0.9289259314537048,0,-0.01211397722363472,-0.9343089461326599,0.35625818371772766,0,0.00202700006775558,3.9592320919036865,0,1,0.9999819993972778,-0.006012000143527985,-0.0001939999929163605,0,0.006012000143527985,0.9999819993972778,0,0,0.0001939999929163605,0,1,0,0.007602000143378973,3.7065188884735107,0,1,0.983801007270813,0.16862401366233826,-0.06084497645497322,0,-0.061147067695856094,0.6347101926803589,0.7703268527984619,0,0.16851498186588287,-0.7541278600692749,0.6347391605377197,0,-3.007733106613159,14.776867866516113,-0.31955501437187195,1,0.9854120016098022,-0.08216999471187592,-0.14903296530246735,0,0.16520199179649353,0.251516193151474,0.9536499381065369,0,-0.04087696969509125,-0.964358925819397,0.26142218708992004,0,0.0052919997833669186,3.7237939834594727,0,1,1,-0.000699999975040555,-0.000011000000085914508,0,0.000699999975040555,1,0,0,0.000011000000085914508,0,1,0,-0.001867000013589859,3.8556220531463623,0,1,-0.9915440082550049,-0.03179806470870972,0.12581714987754822,0,0.08599906414747238,-0.8870712518692017,0.4535515308380127,0,0.09718714654445648,0.46053653955459595,0.8823041915893555,0,9.626603126525879,-6.528357982635498,-2.0067710876464844,1,0.9980260133743286,0.03341474384069443,0.05318064242601395,0,0.017421932891011238,0.6662156581878662,-0.7455549836158752,0,-0.06034255400300026,0.7450100183486938,0.6643186211585999,0,0,41.278804779052734,0,1,0.9969310164451599,0.037971872836351395,-0.06845899671316147,0,0.04932304471731186,0.37442415952682495,0.9259449243545532,0,0.06079189106822014,-0.9264799356460571,0.37140214443206787,0,0,30.011940002441406,0,1,0.984450101852417,0.008843796327710152,0.17543914914131165,0,-0.11158431321382523,0.8028351664543152,0.5856658816337585,0,-0.13566945493221283,-0.5961357355117798,0.7913382649421692,0,0,16.083330154418945,0,1,-0.9847699999809265,-0.04643106833100319,-0.16754786670207977,0,0.05017496272921562,-0.99857497215271,-0.01818135753273964,0,-0.1664648950099945,-0.026311352849006653,0.985696017742157,0,-9.626603126525879,-6.528357982635498,-1.5980260372161865,1,0.9851549863815308,0.06849788129329681,0.15740786492824554,0,-0.026170924305915833,0.9661530256271362,-0.2566399574279785,0,-0.1696588397026062,0.2487109899520874,0.9536030888557434,0,0,41.318058013916016,0,1,0.9865819811820984,-0.14535687863826752,0.07433901727199554,0,-0.015653008595108986,0.36902227997779846,0.9292888641357422,0,-0.1625119149684906,-0.917983889579773,0.3617962896823883,0,0,30.012853622436523,0,1,0.9946489930152893,-0.003019988536834717,-0.1032719835639,0,0.06438598781824112,0.7998579740524292,0.5967260003089905,0,0.08080100268125534,-0.6001819968223572,0.7957720160484314,0,0,15.653482437133789,0,1
