0.633,30,18,49
B0,mixamorig_Hips,-1,0.9856014251708984,0.05605880916118622,-0.15817518532276154,0,-0.03540625050663948,0.9907435774803162,0.12944185733795166,0,0.16420254111289978,-0.12178940325975418,0.9787074327468872,0,-0.17591358721256256,82.633544921875,2.626720428466797,1
B1,mixamorig_Spine,0,0.9932514429092407,-0.10495173186063766,0.016997909173369408,0,0.10065076500177383,0.9828481078147888,0.15332256257534027,0,-0.03292485326528549,-0.14997175335884094,0.9870713353157043,0,0,11.745773315429688,-1.1383919715881348,1
B2,mixamorig_Spine1,1,0.9982423186302185,0.058131568133831024,0.005751749966293573,0,-0.05770639330148697,0.9968577027320862,-0.053440067917108536,0,-0.00888012908399105,0.05296504497528076,0.9985201954841614,0,0,13.767609596252441,0,1
B3,mixamorig_Spine2,2,0.9982408881187439,0.057971734553575516,0.005685955286026001,0,-0.057553842663764954,0.9968417882919312,-0.053860168904066086,0,-0.00882532075047493,0.053381238132715225,0.9985021948814392,0,0,15.734416961669922,0,1
B4,mixamorig_Neck,3,0.9952986836433411,-0.09430690109729767,0.01924891024827957,0,0.09038807451725006,0.9846243262290955,0.1492534726858139,0,-0.03304668143391609,-0.14676205813884735,0.988586962223053,0,0,17.701208114624023,0,1
B5,mixamorig_Head,4,0.9927476644515991,0.060973815619945526,0.09919390082359314,0,-0.019605552777647972,0.9260005354881287,-0.37679246068000793,0,-0.11486125737428665,0.3721844255924225,0.9204539656639099,0,0,3.9542999267578125,1.1533509492874146,1
B6,mixamorig_HeadTop_End,5,1,0,0,0,0,1,0,0,0,0,1,0,0,34.916290283203125,10.184041023254395,1
B7,mixamorig_LeftShoulder,3,0.15489476919174194,0.06594343483448029,-0.985642671585083,0,0.8820613026618958,-0.4583929479122162,0.1078576073050499,0,-0.44465261697769165,-0.8862200975418091,-0.12927615642547607,0,7.087015151977539,15.492527961730957,-0.2502390146255493,1
B8,mixamorig_LeftArm,7,0.9117956161499023,-0.19668430089950562,-0.3196691572666168,0,0.3649432063102722,0.6618677377700806,0.6333184242248535,0,0.08723405003547668,-0.7150201797485352,0.6934501528739929,0,0,15.003520965576172,0,1
B9,mixamorig_LeftForeArm,8,-0.1024918332695961,0.9837669134140015,0.12372862547636032,0,-0.9842271208763123,-0.11595652997493744,0.10667955130338669,0,0.11998731642961502,-0.11084319651126862,0.9865266680717468,0,0,30.954450607299805,0,1
B10,mixamorig_LeftHand,9,0.9790949821472168,0.08127553015947342,0.13441666960716248,0,-0.046802226454019547,0.9778993725776672,-0.19502849876880646,0,-0.14792390167713165,0.18312464654445648,0.9616051316261292,0,0,25.599252700805664,0,1
B11,mixamorig_LeftHandThumb1,10,0.9789062738418579,0.14354880154132843,-0.14421746134757996,0,-0.10339907556772232,0.9611778855323792,0.25394025444984436,0,0.17555548250675201,-0.23358938097953796,0.956000030040741,0,-3.4692800045013428,5.200778961181641,1.2983050346374512,1
B12,mixamorig_LeftHandThumb2,11,0.997868001461029,-0.06509499996900558,0.004627999383956194,0,0.06497500091791153,0.9976310133934021,0.022582000121474266,0,-0.006086999550461769,-0.02223300002515316,0.9997339844703674,0,-0.3773910105228424,5.094127178192139,0,1
B13,mixamorig_LeftHandThumb3,12,0.9993759989738464,0.03432934358716011,0.008346999995410442,0,-0.0339369997382164,0.9984850287437439,-0.04330100119113922,0,-0.009820999577641487,0.04299100115895271,0.9990270137786865,0,0.07421799749135971,4.907240867614746,0,1
B14,mixamorig_LeftHandThumb4,13,1,0,0,0,0,1,0,0,0,0,1,0,0.3031730055809021,3.749079942703247,0,1
B15,mixamorig_LeftHandIndex1,10,0.9755985140800476,-0.21917937695980072,-0.01290533971041441,0,0.21927312016487122,0.9756168723106384,0.006765478290617466,0,0.01110124308615923,-0.009428713470697403,0.9998716115951538,0,-3.0137059688568115,13.491154670715332,-0.2782379984855652,1
B16,mixamorig_LeftHandIndex2,15,0.9995831251144409,-0.028800882399082184,-0.002033506752923131,0,0.02876928448677063,0.9876209497451782,0.1541079580783844,0,-0.0024342562537640333,-0.15410229563713074,0.9880378842353821,0,0.022304000332951546,4.035336017608643,0,1
B17,mixamorig_LeftHandIndex3,16,0.9999274611473083,-0.0120314946398139,0.000358309771399945,0,0.012020180933177471,0.9996646642684937,0.022797172889113426,0,-0.0006331651238724589,-0.022791514173150063,0.9997365474700928,0,-0.00025099999038502574,4.440658092498779,0,1
B18,mixamorig_LeftHandIndex4,17,1,0,0,0,0,1,0,0,0,0,1,0,-0.022052999585866928,2.553215980529785,0,1
B19,mixamorig_LeftHandMiddle1,10,0.9712896943092346,-0.23261041939258575,-0.04987572506070137,0,0.23318183422088623,0.9723917841911316,0.005976821295917034,0,0.0471033900976181,-0.01743406057357788,0.9987155795097351,0,3.0137059688568115,13.567781448364258,-0.5873690247535706,1
B20,mixamorig_LeftHandMiddle2,19,0.9999996423721313,0.0003863481688313186,0.00011189047654625028,0,-0.0003990049590356648,0.9878780245780945,0.1551414281129837,0,-0.00005339338167686947,-0.1551414281129837,0.9878783822059631,0,-0.039135001599788666,4.439548969268799,0,1
B21,mixamorig_LeftHandMiddle3,20,0.9999454021453857,-0.010429855436086655,-0.00045428387238644063,0,0.010437512770295143,0.9996799230575562,0.022904248908162117,0,0.00021430979541037232,-0.022907905280590057,0.9997345209121704,0,0.035679999738931656,3.8496339321136475,0,1
B22,mixamorig_LeftHandMiddle4,21,1,0,0,0,0,1,0,0,0,0,1,0,0.0034549999982118607,2.4499399662017822,0,1
B23,mixamorig_RightShoulder,3,0.07265442609786987,-0.028042728081345558,0.9969584345817566,0,-0.9329838752746582,-0.35520097613334656,0.05800227075815201,0,0.3524942100048065,-0.9343680143356323,-0.05196684971451759,0,-7.087015151977539,15.485581398010254,-0.17856299877166748,1
B24,mixamorig_RightArm,23,0.8325438499450684,0.2003728598356247,0.5105696320533752,0,-0.5154897570610046,0.6037401556968689,0.6039462685585022,0,-0.1890663206577301,-0.7683889269828796,0.610539972782135,0,0,15.003520011901855,0,1
B25,mixamorig_RightForeArm,24,0.07172618806362152,-0.9888321757316589,-0.1016610637307167,0,0.989346444606781,0.061157822608947754,0.10316252708435059,0,-0.09649507701396942,-0.10797678679227829,0.9894189238548279,0,0,30.949432373046875,0,1
B26,mixamorig_RightHand,25,0.8907465934753418,-0.06560156494379044,0.44267868995666504,0,0.17153440415859222,0.9593879580497742,-0.20536395907402039,0,-0.4107348620891571,0.25847816467285156,0.8728076815605164,0,0,25.600196838378906,0,1
B27,mixamorig_RightHandThumb1,26,0.9848652482032776,-0.11402444541454315,0.12862153351306915,0,0.07997363805770874,0.9661502242088318,0.24457721412181854,0,-0.1521099954843521,-0.23044386506080627,0.961023211479187,0,3.4537830352783203,5.548986911773682,1.3958569765090942,1
B28,mixamorig_RightHandThumb2,27,0.995558500289917,0.09206734597682953,0.012175784446299076,0,-0.09152764827013016,0.9949219822883606,-0.039244215935468674,0,-0.015734504908323288,0.0380377359688282,0.9991395473480225,0,0.5346260070800781,5.319955825805664,0,1
B29,mixamorig_RightHandThumb3,28,0.9852771759033203,-0.170457661151886,-0.010669917799532413,0,0.168946772813797,0.9818935990333557,-0.08536156266927719,0,0.02502758428454399,0.08232324570417404,0.9962891340255737,0,0.03112100064754486,5.046841144561768,0,1
B30,mixamorig_RightHandThumb4,29,1,0,0,0,0,1,0,0,0,0,1,0,-0.5657470226287842,3.2531421184539795,0,1
B31,mixamorig_RightHandIndex1,26,0.9784169793128967,0.2055010050535202,0.02167299948632717,0,-0.20615600049495697,0.9779180288314819,0.03430299833416939,0,-0.014144999906420708,-0.03803100064396858,0.999176025390625,0,3.007733106613159,15.052847862243652,-0.33154401183128357,1
B32,mixamorig_RightHandIndex2,31,0.9995840191841125,0.028510000556707382,0.004459999967366457,0,-0.028596000745892525,0.9578970074653625,0.2856839895248413,0,0.003872999921441078,-0.2856929898262024,0.95831298828125,0,0.00202700006775558,3.9592320919036865,0,1
B33,mixamorig_RightHandIndex3,32,0.9999939799308777,-0.0033710000570863485,-0.0002673432172741741,0,0.0033770001027733088,0.9996070265769958,0.027814999222755432,0,0.0001740000006975606,-0.02781599946320057,0.9996129870414734,0,0.007602000143378973,3.7065188884735107,0,1
B34,mixamorig_RightHandIndex4,33,1,0,0,0,0,1,0,0,0,0,1,0,-0.009630000218749046,2.4236130714416504,0,1
B35,mixamorig_RightHandMiddle1,26,0.9776179790496826,0.20544099807739258,0.04534899815917015,0,-0.20705334842205048,0.9777299761772156,0.03424900025129318,0,-0.037303000688552856,-0.042872000485658646,0.9983839988708496,0,-3.007733106613159,14.776867866516113,-0.31955501437187195,1
B36,mixamorig_RightHandMiddle2,35,0.9998270273208618,0.018350999802350998,0.002867999952286482,0,-0.018403999507427216,0.9579769968986511,0.28625234961509705,0,0.0025059999898076057,-0.28625598549842834,0.9581500291824341,0,0.0052919997833669186,3.7237939834594727,0,1
B37,mixamorig_RightHandMiddle3,36,0.9999989867210388,0.001272000023163855,-0.000015999999959603883,0,-0.0012713432079181075,0.9996110200881958,0.027869656682014465,0,0.00005199999941396527,-0.027868999168276787,0.9996119737625122,0,-0.001867000013589859,3.8556220531463623,0,1
B38,mixamorig_RightHandMiddle4,37,1,0,0,0,0,1,0,0,0,0,1,0,-0.003425000002607703,2.850954055786133,0,1
B39,mixamorig_LeftUpLeg,0,-0.9941484332084656,0.10027259588241577,-0.033136218786239624,0,-0.1015809178352356,-0.8537813425064087,0.5066970586776733,0,0.02229699306190014,0.5071979761123657,0.8589334487915039,0,9.626603126525879,-6.528357982635498,-2.0067710876464844,1
B40,mixamorig_LeftLeg,39,0.9917493462562561,-0.11162526160478592,0.05968617647886276,0,0.12480505555868149,0.7942929863929749,-0.5914857983589172,0,0.019749360159039497,0.5941109657287598,0.802099347114563,0,0,41.278804779052734,0,1
B41,mixamorig_LeftFoot,40,0.9755886197090149,0.2111312597990036,-0.0579548254609108,0,-0.017628822475671768,0.3385298550128937,0.9318550229072571,0,0.21854718029499054,-0.9078752398490906,0.33399054408073425,0,0,30.011940002441406,0,1
B42,mixamorig_LeftToeBase,41,0.9957992434501648,-0.0005481003900058568,0.0915549248456955,0,-0.04750123620033264,0.8516455292701721,0.5218021273612976,0,-0.07826711982488632,-0.523959219455719,0.8480421900749207,0,0,16.083330154418945,-9.999999974752427e-7,1
B43,mixamorig_LeftToe_End,42,1,0,0,0,0,1,0,0,0,0,1,0,0,7.824993133544922,0,1
B44,mixamorig_RightUpLeg,0,-0.9827185273170471,0.0070670959539711475,-0.18203163146972656,0,0.010817551985383034,-0.985710620880127,-0.11049383878707886,0,-0.17718948423862457,-0.11013302952051163,0.9698871374130249,0,-9.626603126525879,-6.528357982635498,-1.5980260372161865,1
B45,mixamorig_RightLeg,44,0.9922949075698853,-0.1129828691482544,0.03711488097906113,0,-0.04523862898349762,-0.6113266348838806,-0.7699995040893555,0,0.11396561563014984,0.7627217173576355,-0.61146080493927,0,0,41.318058013916016,0,1
B46,mixamorig_RightFoot,45,0.9909985661506653,-0.08157551288604736,0.07831624895334244,0,-0.03937513753771782,0.44182661175727844,0.8915037512779236,0,-0.11057813465595245,-0.8864781856536865,0.4369538128376007,0,0,30.012853622436523,0,1
B47,mixamorig_RightToeBase,46,0.9955460429191589,-0.00014508019376080483,-0.09428038448095322,0,0.04902184382081032,0.8549875617027283,0.5163219571113586,0,0.08053388446569443,-0.5186436772346497,0.8511859774589539,0,0,15.653482437133789,0,1
B48,mixamorig_RightToe_End,47,1,0,0,0,0,1,0,0,0,0,1,0,0,7.542731761932373,0,1
@40,0,1,2,3,4,5,7,8,9,10,11,12,13,15,16,17,19,20,21,23,24,25,26,27,28,29,31,32,33,35,36,37,39,40,41,42,44,45,46,47
K0.000,0.9927970170974731,-0.01926399953663349,0.11824999749660492,0,0.0032079999800771475,0.990909993648529,0.1344899982213974,0,-0.1197659969329834,-0.13314199447631836,0.9838340282440186,0,-0.02238900028169155,83.96925354003906,2.8803279399871826,1,0.9672920107841492,0.022299999371170998,-0.25268399715423584,0,0.014188000001013279,0.9898130297660828,0.14166699349880219,0,0.2532689869403839,-0.1406179964542389,0.9571210145950317,0,0,11.745773315429688,-1.1383919715881348,1,0.9992430210113525,0.024639999493956566,-0.030112000182271004,0,-0.026381000876426697,0.9979190230369568,-0.05883299931883812,0,0.028598999604582787,0.05958300083875656,0.9978139996528625,0,0,13.767609596252441,0,1,0.9992899894714355,0.02246199920773506,-0.030246000736951828,0,-0.024191999807953835,0.9980159997940063,-0.05812399834394455,0,0.028880000114440918,0.058814000338315964,0.9978510141372681,0,0,15.734416961669922,0,1,0.9976379871368408,-0.06000399962067604,0.03342600166797638,0,0.05329800024628639,0.9832460284233093,0.17431899905204773,0,-0.0433260016143322,-0.17212499678134918,0.9841219782829285,0,0,17.701208114624023,0,1,0.993232011795044,0.034669000655412674,0.11084800213575363,0,0.004900000058114529,0.9410520195960999,-0.3382270038127899,0,-0.11603999882936478,0.3364810049533844,0.9345129728317261,0,0,3.9542999267578125,1.1533509492874146,1,0.10513000190258026,0.04715000092983246,-0.993340015411377,0,0.92849200963974,-0.3623949885368347,0.08106499910354614,0,-0.3561590015888214,-0.9308310151100159,-0.08187700062990189,0,7.087015151977539,15.492527961730957,-0.2502390146255493,1,0.42847299575805664,-0.38891300559043884,-0.8155720233917236,0,0.8284209966659546,0.5294550061225891,0.1827480047941208,0,0.36073601245880127,-0.7539389729499817,0.5490400195121765,0,0,15.003520965576172,0,1,0.3107750117778778,0.9472000002861023,0.07893499732017517,0,-0.947642982006073,0.30235999822616577,0.10271500051021576,0,0.07342500239610672,-0.10672300308942795,0.9915739893913269,0,0,30.954450607299805,0,1,0.9831460118293762,0.1472260057926178,0.10839399695396423,0,-0.1537099927663803,0.9866350293159485,0.05406999960541725,0,-0.09898500144481659,-0.06982000172138214,0.9926360249519348,0,0,25.599252700805664,0,1,0.9767699837684631,0.1696619987487793,-0.13090300559997559,0,-0.11976999789476395,0.9387760162353516,0.3230389952659607,0,0.17769600450992584,-0.2998560070991516,0.9372889995574951,0,-3.4692800045013428,5.200778961181641,1.2983050346374512,1,0.9978100061416626,-0.06596799939870834,0.004908999893814325,0,0.06584099680185318,0.9975749850273132,0.022568000480532646,0,-0.006384999956935644,-0.0221950002014637,0.9997329711914062,0,-0.3773910105228424,5.094127178192139,0,1,0.9993889927864075,0.03389500081539154,0.008496999740600586,0,-0.03349699825048447,0.9984999895095825,-0.04331599920988083,0,-0.009952000342309475,0.04300500079989433,0.9990249872207642,0,0.07421799749135971,4.907240867614746,0,1,0.9737690091133118,-0.22717200219631195,-0.012880000285804272,0,0.2275329977273941,0.9718610048294067,0.06094999983906746,0,-0.0013289999915286899,-0.06228199973702431,0.998058021068573,0,-3.0137059688568115,13.491154670715332,-0.2782379984855652,1,0.9992960095405579,-0.037349000573158264,-0.0036230001132935286,0,0.03727300092577934,0.9768000245094299,0.21088500320911407,0,-0.004337000194936991,-0.21087199449539185,0.9775040149688721,0,0.022304000332951546,4.035336017608643,0,1,0.9998660087585449,-0.016387000679969788,-0.00005400000009103678,0,0.016367999836802483,0.9985299706459045,0.05166200175881386,0,-0.0007929999846965075,-0.051656000316143036,0.9986649751663208,0,-0.00025099999038502574,4.440658092498779,0,1,0.969802975654602,-0.2385929971933365,-0.050558000802993774,0,0.24142199754714966,0.9685540199279785,0.06015700101852417,0,0.03461499884724617,-0.07054600119590759,0.9969080090522766,0,3.0137059688568115,13.567781448364258,-0.5873690247535706,1,0.9999809861183167,-0.006178999785333872,-0.0005660000024363399,0,0.006159000098705292,0.9772059917449951,0.21220199763774872,0,-0.0007580000092275441,-0.21220199763774872,0.9772260189056396,0,-0.039135001599788666,4.439548969268799,0,1,0.9999060034751892,-0.013705000281333923,-0.000534999999217689,0,0.01371499989181757,0.9985569715499878,0.05191199854016304,0,-0.00017699999443721026,-0.051913999021053314,0.9986519813537598,0,0.035679999738931656,3.8496339321136475,0,1,0.05301100015640259,-0.025908000767230988,0.9982579946517944,0,-0.933804988861084,-0.35549798607826233,0.040362000465393066,0,0.3538320064544678,-0.9343180060386658,-0.04303799942135811,0,-7.087015151977539,15.485581398010254,-0.17856299877166748,1,0.9753299951553345,-0.14931799471378326,-0.1625880002975464,0,0.2163580060005188,0.7927860021591187,0.5698059797286987,0,0.0438150018453598,-0.5909259915351868,0.8055350184440613,0,0,15.003520011901855,0,1,-0.030866999179124832,-0.9931880235671997,-0.11235799640417099,0,0.9937040209770203,-0.04260500147938728,0.10361699759960175,0,-0.1076980009675026,-0.10845299810171127,0.9882509708404541,0,0,30.949432373046875,0,1,0.9580640196800232,-0.28244900703430176,-0.04832899942994118,0,0.2473060041666031,0.9001929759979248,-0.358458012342453,0,0.14475099742412567,0.3314740061759949,0.9322940111160278,0,0,25.600196838378906,0,1,0.9808400273323059,-0.03689799830317497,0.1912900060415268,0,-0.0025430000387132168,0.9793919920921326,0.20195400714874268,0,-0.19479900598526,-0.19857099652290344,0.9605330228805542,0,3.4537830352783203,5.548986911773682,1.3958569765090942,1,0.9964420199394226,0.08278299868106842,0.015852000564336777,0,-0.0821089968085289,0.9958500266075134,-0.039253998547792435,0,-0.01903500035405159,0.0378119982779026,0.9991040229797363,0,0.5346260070800781,5.319955825805664,0,1,0.9845190048217773,-0.17505399882793427,-0.00885900016874075,0,0.1736849993467331,0.9811220169067383,-0.08504500240087509,0,0.023578999564051628,0.08218999952077866,0.9963380098342896,0,0.03112100064754486,5.046841144561768,0,1,0.9784169793128967,0.2055010050535202,0.02167299948632717,0,-0.20615600049495697,0.9779180288314819,0.03430299833416939,0,-0.014144999906420708,-0.03803100064396858,0.999176025390625,0,3.007733106613159,15.052847862243652,-0.33154401183128357,1,0.9995840191841125,0.028510000556707382,0.004459999967366457,0,-0.028596000745892525,0.9578970074653625,0.2856839895248413,0,0.003872999921441078,-0.2856929898262024,0.9583140015602112,0,0.00202700006775558,3.9592320919036865,0,1,0.9999939799308777,-0.0033710000570863485,-0.0002680000034160912,0,0.0033770001027733088,0.9996070265769958,0.027814999222755432,0,0.0001740000006975606,-0.02781599946320057,0.9996129870414734,0,0.007602000143378973,3.7065188884735107,0,1,0.9776179790496826,0.20544099807739258,0.04534899815917015,0,-0.20705300569534302,0.9777299761772156,0.03424900025129318,0,-0.037303000688552856,-0.042872000485658646,0.9983839988708496,0,-3.007733106613159,14.776867866516113,-0.31955501437187195,1,0.9998270273208618,0.018350999802350998,0.002867999952286482,0,-0.018403999507427216,0.9579780101776123,0.2862519919872284,0,0.0025059999898076057,-0.28625598549842834,0.9581500291824341,0,0.0052919997833669186,3.7237939834594727,0,1,0.9999989867210388,0.001272000023163855,-0.00001700000029813964,0,-0.0012710000155493617,0.9996110200881958,0.027869999408721924,0,0.00005199999941396527,-0.027869999408721924,0.9996119737625122,0,-0.001867000013589859,3.8556220531463623,0,1,-0.9880660176277161,-0.026715999469161034,0.15169399976730347,0,0.10423800349235535,-0.8410369753837585,0.5308399796485901,0,0.1133980005979538,0.5403180122375488,0.8337849974632263,0,9.626603126525879,-6.528357982635498,-2.0067710876464844,1,0.9871559739112854,0.1415960043668747,-0.07398699969053268,0,0.02363000065088272,-0.5874230265617371,-0.8089349865913391,0,-0.1580040007829666,0.796796977519989,-0.5832239985466003,0,0,41.278804779052734,0,1,0.995947003364563,0.08813700079917908,-0.017952000722289085,0,-0.012307999655604362,0.3312470018863678,0.9434639811515808,0,0.08910000324249268,-0.9394189715385437,0.3309890031814575,0,0,30.011940002441406,0,1,0.9957060217857361,0,0.09257099777460098,0,-0.04709500074386597,0.860916018486023,0.5065619945526123,0,-0.07969599962234497,-0.5087460279464722,0.8572199940681458,0,0,16.083330154418945,0,1,-0.9975339770317078,-0.028989000245928764,-0.06391800194978714,0,0.03728099912405014,-0.9904670119285583,-0.1326099932193756,0,-0.05946499854326248,-0.13466599583625793,0.9891049861907959,0,-9.626603126525879,-6.528357982635498,-1.5980260372161865,1,0.987841010093689,0.03105200082063675,0.15233400464057922,0,0.03569599986076355,0.9083690047264099,-0.41664400696754456,0,-0.15131300687789917,0.41701599955558777,0.8962159752845764,0,0,41.318058013916016,0,1,0.9649620056152344,-0.20413200557231903,0.16485700011253357,0,-0.09898599982261658,0.298660010099411,0.9492120146751404,0,-0.24300099909305573,-0.9322720170021057,0.26798999309539795,0,0,30.012853622436523,0,1,0.9982039928436279,0.007069999817758799,-0.05949600040912628,0,0.04965300112962723,0.4581280052661896,0.8874989748001099,0,0.033532001078128815,-0.8888580203056335,0.4569540023803711,0,0,15.653482437133789,0,1
K0.033,0.9954739809036255,0.014839865267276764,0.09387068450450897,0,-0.0280748400837183,0.9895699620246887,0.14128929376602173,0,-0.09079470485448837,-0.14328528940677643,0.9855080246925354,0,-0.24400493502616882,84.16044616699219,2.4495558738708496,1,0.9607409834861755,-0.02672695368528366,-0.27615606784820557,0,0.04476471617817879,0.9972410202026367,0.059222184121608734,0,0.27381110191345215,-0.06925913691520691,0.9592859745025635,0,0,11.745773315429688,-1.1383919715881348,1,0.9991750121116638,0.023037899285554886,-0.033458027988672256,0,-0.02419889159500599,0.9991040229797363,-0.03471674397587776,0,0.03262803703546524,0.03549773991107941,0.9988369941711426,0,0,13.767609596252441,0,1,0.9992210268974304,0.020786911249160767,-0.033534031361341476,0,-0.021969901397824287,0.9991359710693359,-0.03528774902224541,0,0.032772038131952286,0.03599674999713898,0.9988139867782593,0,0,15.734416961669922,0,1,0.997310996055603,-0.058869969099760056,0.04365508258342743,0,0.049107957631349564,0.9789260029792786,0.19822090864181519,0,-0.05440507084131241,-0.19554391503334045,0.9791849851608276,0,0,17.701208114624023,0,1,0.9848289489746094,0.047660037875175476,0.16685737669467926,0,0.0058540236204862595,0.9518730640411377,-0.3064357340335846,0,-0.1734313666820526,0.3027637302875519,0.9371529817581177,0,0,3.9542999267578125,1.1533509492874146,1,0.10223498940467834,0.0450269877910614,-0.993740975856781,0,0.9347400665283203,-0.3460979163646698,0.08048299700021744,0,-0.3403069078922272,-0.9371170401573181,-0.07747197896242142,0,7.087015151977539,15.492527961730957,-0.2502390146255493,1,0.3174170255661011,-0.47267937660217285,-0.8220827579498291,0,0.867725133895874,0.4944477379322052,0.05074302852153778,0,0.3824916183948517,-0.7294489145278931,0.5671013593673706,0,0,15.003520965576172,0,1,0.1576828509569168,0.9828580021858215,0.0955280140042305,0,-0.9833179712295532,0.14739684760570526,0.10658100247383118,0,0.09067301452159882,-0.11074099689722061,0.9897040128707886,0,0,30.954450607299805,0,1,0.98036789894104,0.06702500581741333,0.18543550372123718,0,-0.08277096599340439,0.9934710264205933,0.07851060479879379,0,-0.17896254360675812,-0.09231863915920258,0.9795149564743042,0,0,25.599252700805664,0,1,0.9752689599990845,0.178236186504364,-0.13069699704647064,0,-0.12781217694282532,0.9372419118881226,0.3244110345840454,0,0.18031606078147888,-0.29968398809432983,0.936843991279602,0,-3.4692800045013428,5.200778961181641,1.2983050346374512,1,0.9985340237617493,-0.05411273613572121,0.001101915375329554,0,0.05407373979687691,0.9982770085334778,0.022780004888772964,0,-0.0023329094983637333,-0.02268700860440731,0.9997400045394897,0,-0.3773910105228424,5.094127178192139,0,1,0.9991869926452637,0.039784129709005356,0.006464954931288958,0,-0.03946913406252861,0.9982900023460388,-0.04311799630522728,0,-0.008168959990143776,0.042827997356653214,0.9990490078926086,0,0.07421799749135971,4.907240867614746,0,1,0.9733020067214966,-0.2291649878025055,-0.012942999601364136,0,0.22948598861694336,0.9704599976539612,0.07445894926786423,0,-0.004502987489104271,-0.07544194906949997,0.9971399903297424,0,-3.0137059688568115,13.491154670715332,-0.2782379984855652,1,0.9992179870605469,-0.039341993629932404,-0.0040689981542527676,0,0.03925299271941185,0.973770022392273,0.22412295639514923,0,-0.004854998085647821,-0.22410695254802704,0.9745519757270813,0,0.022304000332951546,4.035336017608643,0,1,0.9998480081558228,-0.017407996580004692,-0.00016899954061955214,0,0.01738799549639225,0.9981399774551392,0.05843597277998924,0,-0.0008489997708238661,-0.05842997506260872,0.998291015625,0,-0.00025099999038502574,4.440658092498779,0,1,0.9694240093231201,-0.24007900059223175,-0.05078100040555,0,0.24336998164653778,0.9671319723129272,0.07366494834423065,0,0.03142601251602173,-0.08377094566822052,0.9959890246391296,0,3.0137059688568115,13.567781448364258,-0.5873690247535706,1,0.999970018863678,-0.0077149937860667706,-0.0007809991366229951,0,0.007691993843764067,0.9742109775543213,0.22550593316555023,0,-0.0009789990726858377,-0.22550493478775024,0.9742410182952881,0,-0.039135001599788666,4.439548969268799,0,1,0.9998949766159058,-0.014473997056484222,-0.0005679999012500048,0,0.014482997357845306,0.9981690049171448,0.0587189756333828,0,-0.00028299959376454353,-0.05872197449207306,0.998274028301239,0,0.035679999738931656,3.8496339321136475,0,1,0.04430295526981354,-0.023493990302085876,0.9987419843673706,0,-0.9401289820671082,-0.3391449749469757,0.033724963665008545,0,0.3379259705543518,-0.9404410123825073,-0.037111975252628326,0,-7.087015151977539,15.485581398010254,-0.17856299877166748,1,0.9815481305122375,-0.1418897956609726,-0.12818527221679688,0,0.18880343437194824,0.8253379464149475,0.5321382284164429,0,0.030291475355625153,-0.5465201139450073,0.8368979692459106,0,0,15.003520011901855,0,1,-0.36052247881889343,-0.921136200428009,-0.1467331498861313,0,0.9216152429580688,-0.3760184943675995,0.09609992057085037,0,-0.1436961591243744,-0.10058491677045822,0.9844970107078552,0,0,30.949432373046875,0,1,0.9887834787368774,0.09295137971639633,0.11690343171358109,0,-0.052145056426525116,0.948328971862793,-0.31297457218170166,0,-0.13995470106601715,0.30336809158325195,0.9425387978553772,0,0,25.600196838378906,0,1,0.9790650010108948,0.003054221160709858,0.2035260647535324,0,-0.04428223520517349,0.9791340231895447,0.19833000004291534,0,-0.19867300987243652,-0.20319004356861115,0.9587709903717041,0,3.4537830352783203,5.548986911773682,1.3958569765090942,1,0.9966880083084106,0.07950586080551147,0.01708005741238594,0,-0.07878785580396652,0.9961190223693848,-0.03923799842596054,0,-0.020134052261710167,0.037762995809316635,0.9990839958190918,0,0.5346260070800781,5.319955825805664,0,1,0.9842349886894226,-0.1766720712184906,-0.008253971114754677,0,0.17534907162189484,0.9808359742164612,-0.0849359929561615,0,0.023100975900888443,0.08214899897575378,0.9963520169258118,0,0.03112100064754486,5.046841144561768,0,1,0.9784169793128967,0.2055010050535202,0.02167299948632717,0,-0.20615600049495697,0.9779180288314819,0.03430299833416939,0,-0.014144999906420708,-0.03803100064396858,0.999176025390625,0,3.007733106613159,15.052847862243652,-0.33154401183128357,1,0.9995840191841125,0.028510000556707382,0.004459999967366457,0,-0.028596000745892525,0.9578970074653625,0.2856839895248413,0,0.003872999921441078,-0.2856920063495636,0.9583140015602112,0,0.00202700006775558,3.9592320919036865,0,1,0.9999939799308777,-0.0033710000570863485,-0.0002680000034160912,0,0.0033770001027733088,0.9996070265769958,0.027814999222755432,0,0.0001740000006975606,-0.02781599946320057,0.9996129870414734,0,0.007602000143378973,3.7065188884735107,0,1,0.9776179790496826,0.20544099807739258,0.04534899815917015,0,-0.20705300569534302,0.9777299761772156,0.03424900025129318,0,-0.037303000688552856,-0.042872000485658646,0.9983839988708496,0,-3.007733106613159,14.776867866516113,-0.31955501437187195,1,0.9998270273208618,0.018350999802350998,0.002867999952286482,0,-0.018403999507427216,0.9579780101776123,0.2862519919872284,0,0.0025059999898076057,-0.28625598549842834,0.9581500291824341,0,0.0052919997833669186,3.7237939834594727,0,1,0.9999989867210388,0.001272000023163855,-0.00001700000029813964,0,-0.001272000023163855,0.9996110200881958,0.027869999408721924,0,0.00005199999941396527,-0.027869999408721924,0.9996119737625122,0,-0.001867000013589859,3.8556220531463623,0,1,-0.9984939694404602,-0.04393170401453972,0.032845381647348404,0,0.05323691666126251,-0.6318796277046204,0.7732362747192383,0,-0.013215956278145313,0.7738202214241028,0.6332666277885437,0,9.626603126525879,-6.528357982635498,-2.0067710876464844,1,0.9842668771743774,0.1682276874780655,0.05401846021413803,0,0.08899770677089691,-0.20792332291603088,-0.9740867614746094,0,-0.1526373028755188,0.963568925857544,-0.21962450444698334,0,0,41.278804779052734,0,1,0.9776080846786499,0.191727876663208,-0.08673587441444397,0,-0.030360888689756393,0.5363713502883911,0.8434354066848755,0,0.2082328498363495,-0.821916401386261,0.5301823616027832,0,0,30.011940002441406,0,1,0.9957050085067749,0.000007999089575605467,0.09258600324392319,0,-0.047088999301195145,0.8610479831695557,0.5063390135765076,0,-0.0797170028090477,-0.5085240006446838,0.8573499917984009,0,0,16.083330154418945,0,1,-0.9986569881439209,0.00505785783752799,-0.051558300852775574,0,0.013390294276177883,-0.9362037181854248,-0.35120370984077454,0,-0.050046201795339584,-0.3514227271080017,0.9348787069320679,0,-9.626603126525879,-6.528357982635498,-1.5980260372161865,1,0.9832360744476318,-0.03385664150118828,0.17916539311408997,0,0.061033621430397034,0.987038791179657,-0.14842480421066284,0,-0.17181719839572906,0.15687184035778046,0.9725579619407654,0,0,41.318058013916016,0,1,0.9908197522163391,0.054596975445747375,0.12367367744445801,0,-0.11753213405609131,0.7999189496040344,0.588485836982727,0,-0.06679929792881012,-0.5976186394691467,0.7989922761917114,0,0,30.012853622436523,0,1,0.9929119944572449,-0.11820483207702637,0.012334913946688175,0,-0.0025464927311986685,0.08261589705944061,0.9965739250183105,0,-0.1188189834356308,-0.9895420074462891,0.08172886818647385,0,0,15.653482437133789,0,1
K0.067,0.9980419874191284,0.0013441340997815132,0.06253531575202942,0,-0.012039159424602985,0.9852040410041809,0.17096370458602905,0,-0.0613802894949913,-0.17138171195983887,0.98329097032547,0,-0.3372850716114044,85.40440368652344,2.8258581161499023,1,0.9594680070877075,-0.02199704572558403,-0.2809579372406006,0,0.016357284039258957,0.9996150135993958,-0.022403188049793243,0,0.28134292364120483,0.016899142414331436,0.9594579935073853,0,0,11.745773315429688,-1.1383919715881348,1,0.9992489814758301,0.013014099560678005,-0.03650397062301636,0,-0.013355107977986336,0.9998689889907837,-0.009098254144191742,0,0.036380961537361145,0.009579258039593697,0.9992920160293579,0,0,13.767609596252441,0,1,0.9992579817771912,0.011805089190602303,-0.03665896877646446,0,-0.012195097282528877,0.999871015548706,-0.010437246412038803,0,0.03653096407651901,0.010877249762415886,0.9992730021476746,0,0,15.734416961669922,0,1,0.9970830082893372,-0.05589703097939491,0.05196791887283325,0,0.04515404254198074,0.9809780120849609,0.1887940913438797,0,-0.06153292953968048,-0.1858970820903778,0.9806410074234009,0,0,17.701208114624023,0,1,0.9775170683860779,0.05125696212053299,0.20453062653541565,0,0.008229976519942284,0.9599899649620056,-0.2799122631549835,0,-0.21069562435150146,0.2753022611141205,0.9379850029945374,0,0,3.9542999267578125,1.1533509492874146,1,0.10135100781917572,0.043976012617349625,-0.9938780069351196,0,0.9381699562072754,-0.3366190791130066,0.08077500015497208,0,-0.33100607991218567,-0.9406139254570007,-0.07537302374839783,0,7.087015151977539,15.492527961730957,-0.2502390146255493,1,0.3193649649620056,-0.5116216540336609,-0.7976522445678711,0,0.8825008869171143,0.46724027395248413,0.053644970059394836,0,0.34524935483932495,-0.7210610508918762,0.6007266640663147,0,0,15.003520965576172,0,1,0.14243414998054504,0.9850220084190369,0.09718098491430283,0,-0.9854829907417297,0.1319621503353119,0.10681600123643875,0,0.0923919826745987,-0.11098399758338928,0.9895179867744446,0,0,30.954450607299805,0,1,0.9694811105728149,0.06774099171161652,0.23562251031398773,0,-0.07909703999757767,0.9961010217666626,0.039072390645742416,0,-0.23205748200416565,-0.056517358869314194,0.9710590839385986,0,0,25.599252700805664,0,1,0.9716660380363464,0.1972687989473343,-0.13019299507141113,0,-0.14565882086753845,0.9335700869560242,0.3274599611759186,0,0.1861419379711151,-0.29921799898147583,0.9358530044555664,0,-3.4692800045013428,5.200778961181641,1.2983050346374512,1,0.9995890259742737,-0.027699261903762817,-0.007361915893852711,0,0.02786526083946228,0.9993379712104797,0.023410994559526443,0,0.006707909982651472,-0.02360699139535427,0.9996989965438843,0,-0.3773910105228424,5.094127178192139,0,1,0.9985989928245544,0.052884869277477264,0.0019470449769869447,0,-0.05275386944413185,0.9976969957351685,-0.04263400286436081,0,-0.004197039641439915,0.042472004890441895,0.9990890026092529,0,0.07421799749135971,4.907240867614746,0,1,0.9734860062599182,-0.22838100790977478,-0.012915000319480896,0,0.22872301936149597,0.971032977104187,0.06914804875850677,0,-0.0032510124146938324,-0.07026804983615875,0.9975230097770691,0,-3.0137059688568115,13.491154670715332,-0.2782379984855652,1,0.9992489814758301,-0.038558006286621094,-0.0038900019135326147,0,0.038474008440971375,0.9749850034713745,0.21891604363918304,0,-0.004648001864552498,-0.21890205144882202,0.9757360219955444,0,0.022304000332951546,4.035336017608643,0,1,0.9998549818992615,-0.017006004229187965,-0.00012300045636948198,0,0.016986003145575523,0.9982990026473999,0.05576902627944946,0,-0.0008260002359747887,-0.05576302483677864,0.9984440207481384,0,-0.00025099999038502574,4.440658092498779,0,1,0.9695730209350586,-0.23949499428272247,-0.05069100111722946,0,0.24260900914669037,0.9677129983901978,0.0683540552854538,0,0.03268398717045784,-0.07857204973697662,0.9963729977607727,0,3.0137059688568115,13.567781448364258,-0.5873690247535706,1,0.9999740123748779,-0.007111005950719118,-0.0006940008606761694,0,0.007089006248861551,0.9754120111465454,0.22027304768562317,0,-0.0008890008903108537,-0.22027204930782318,0.9754379987716675,0,-0.039135001599788666,4.439548969268799,0,1,0.9998990297317505,-0.014172002673149109,-0.0005540001438930631,0,0.014180002734065056,0.9983279705047607,0.05604002624750137,0,-0.00024100042355712503,-0.05604202672839165,0.9984279870986938,0,0.035679999738931656,3.8496339321136475,0,1,0.040009040385484695,-0.022542009130120277,0.9989449977874756,0,-0.9413930177688599,-0.33596503734588623,0.03012203611433506,0,0.33493101596832275,-0.9416049718856812,-0.03466202691197395,0,-7.087015151977539,15.485581398010254,-0.17856299877166748,1,0.9910358786582947,-0.12158620357513428,-0.055366721004247665,0,0.13173556327819824,0.8203750848770142,0.5564437508583069,0,-0.02223447896540165,-0.5587498545646667,0.8290380835533142,0,0,15.003520011901855,0,1,-0.5085105299949646,-0.8456477522850037,-0.1621638536453247,0,0.8460868000984192,-0.5256925225257874,0.08822508156299591,0,-0.15985584259033203,-0.0923420786857605,0.9828119874000549,0,0,30.949432373046875,0,1,0.9378214478492737,0.23035863041877747,0.2596645653247833,0,-0.1577509641647339,0.9491879940032959,-0.27231642603874207,0,-0.30920132994651794,0.21442188322544098,0.9265081882476807,0,0,25.600196838378906,0,1,0.9775509834289551,0.02516278065741062,0.2091919332742691,0,-0.06758176535367966,0.977832019329071,0.19818800687789917,0,-0.19956699013710022,-0.20787595212459564,0.9575809836387634,0,3.4537830352783203,5.548986911773682,1.3958569765090942,1,0.9975889921188354,0.06550014019012451,0.022914942353963852,0,-0.06457313895225525,0.9971470236778259,-0.03908500075340271,0,-0.025409948080778122,0.03751100227236748,0.99897301197052,0,0.5346260070800781,5.319955825805664,0,1,0.9829909801483154,-0.183572918176651,-0.005385028198361397,0,0.18247392773628235,0.9795830249786377,-0.08438801020383835,0,0.02076602168381214,0.08196999877691269,0.9964179992675781,0,0.03112100064754486,5.046841144561768,0,1,0.9784169793128967,0.2055010050535202,0.02167299948632717,0,-0.20615600049495697,0.9779180288314819,0.03430299833416939,0,-0.014144999906420708,-0.03803100064396858,0.999176025390625,0,3.007733106613159,15.052847862243652,-0.33154401183128357,1,0.9995840191841125,0.028510000556707382,0.004459999967366457,0,-0.028596000745892525,0.9578970074653625,0.2856839895248413,0,0.003872999921441078,-0.2856929898262024,0.95831298828125,0,0.00202700006775558,3.9592320919036865,0,1,0.9999939799308777,-0.0033710000570863485,-0.0002680000034160912,0,0.0033770001027733088,0.9996070265769958,0.027814999222755432,0,0.0001740000006975606,-0.02781599946320057,0.9996129870414734,0,0.007602000143378973,3.7065188884735107,0,1,0.9776179790496826,0.20544099807739258,0.04534899815917015,0,-0.20705300569534302,0.9777299761772156,0.03424900025129318,0,-0.037303000688552856,-0.042872000485658646,0.9983839988708496,0,-3.007733106613159,14.776867866516113,-0.31955501437187195,1,0.9998270273208618,0.018350999802350998,0.002867999952286482,0,-0.018403999507427216,0.9579769968986511,0.2862519919872284,0,0.0025049999821931124,-0.28625598549842834,0.9581500291824341,0,0.0052919997833669186,3.7237939834594727,0,1,0.9999989867210388,0.001272000023163855,-0.00001700000029813964,0,-0.0012710000155493617,0.9996110200881958,0.027869999408721924,0,0.00005199999941396527,-0.027869999408721924,0.9996119737625122,0,-0.001867000013589859,3.8556220531463623,0,1,-0.993035078048706,-0.11417929828166962,-0.02904638461768627,0,0.045089080929756165,-0.5960833430290222,0.8016557097434998,0,-0.10884704440832138,0.7947628498077393,0.5970803499221802,0,9.626603126525879,-6.528357982635498,-2.0067710876464844,1,0.9702021479606628,0.13663031160831451,0.20009955763816833,0,0.1598442941904068,0.25972434878349304,-0.9523612260818481,0,-0.18209269642829895,0.9559670686721802,0.23014552891254425,0,0,41.278804779052734,0,1,0.9808939695358276,0.17982012033462524,-0.07424412667751312,0,-0.019174112007021904,0.469132661819458,0.8829196095466614,0,0.19359715282917023,-0.8646265864372253,0.4636176526546478,0,0,30.011940002441406,0,1,0.9957200288772583,-0.00008299909677589312,0.0924220010638237,0,-0.047157999128103256,0.8595730066299438,0.5088319778442383,0,-0.07948499917984009,-0.5110120177268982,0.8558899760246277,0,0,16.083330154418945,0,1,-0.9966269731521606,-0.009131859056651592,-0.08155269920825958,0,0.04284370690584183,-0.9054962992668152,-0.4221852719783783,0,-0.06998980045318604,-0.42425528168678284,0.9028332829475403,0,-9.626603126525879,-6.528357982635498,-1.5980260372161865,1,0.9881269335746765,-0.09798135608434677,0.11834560334682465,0,0.12315738201141357,0.9656472206115723,-0.22881919145584106,0,-0.09185979515314102,0.24067816138267517,0.9662480354309082,0,0,41.318058013916016,0,1,0.9676622152328491,0.252081036567688,-0.009153679013252258,0,-0.23038187623023987,0.8979760408401489,0.3749171197414398,0,0.10272831469774246,-0.3606843650341034,0.9270127415657043,0,0,30.012853622436523,0,1,0.9953619837760925,-0.0011831631418317556,-0.09618991613388062,0,0.04815549775958061,0.8717341423034668,0.48759907484054565,0,0.08327499032020569,-0.4899689853191376,0.8677482008934021,0,0,15.653482437133789,0,1
