8.767,30,263,49
B0,mixamorig_Hips,-1,0.9883682131767273,-0.06638415157794952,0.13682499527931213,0,0.07494709640741348,0.9954751133918762,-0.058408223092556,0,-0.13232912123203278,0.06798390299081802,0.9888721108436584,0,-0.6879979968070984,89.83758544921875,2.7945706844329834,1
B1,mixamorig_Spine,0,0.9963560700416565,0.083426833152771,0.017718983814120293,0,-0.08058496564626694,0.9889129996299744,-0.12472914904356003,0,-0.02792798914015293,0.12284623086452484,0.9920330047607422,0,0,10.91888427734375,-1.230828046798706,1
B2,mixamorig_Spine1,1,0.9945032000541687,0.09804189205169678,0.0367523618042469,0,-0.09906776249408722,0.9947081804275513,0.027210550382733345,0,-0.03389064222574234,-0.030702359974384308,0.9989541172981262,0,0,12.819379806518555,0,1
B3,mixamorig_Spine2,2,0.9945221543312073,0.09904981404542923,0.033377550542354584,0,-0.10000068694353104,0.994590163230896,0.028119508177042007,0,-0.030411845073103905,-0.03130333870649338,0.9990471005439758,0,0,14.65070629119873,0,1
B4,mixamorig_Neck,3,0.9978178143501282,-0.06306961923837662,-0.01955978013575077,0,0.06563147157430649,0.9798644185066223,0.18857061862945557,0,0.007273854222148657,-0.18944263458251953,0.9818646311759949,0,0,16.4820556640625,0.0000019999999949504854,1
B5,mixamorig_Head,4,0.9831962585449219,-0.17570072412490845,-0.0495436005294323,0,0.17460928857326508,0.984305202960968,-0.025593502447009087,0,0.05326300114393234,0.016512425616383553,0.9984444379806519,0,0,7.261107921600342,2.060839891433716,1
B6,mixamorig_HeadTop_End,5,1,0,0,0,0,1,0,0,0,0,1,0,0,31.970184326171875,9.07374095916748,1
B7,mixamorig_LeftShoulder,3,-0.07616248726844788,0.019339947029948235,-0.9969078898429871,0,0.8896042108535767,-0.45024624466896057,-0.07669831812381744,0,-0.4503372609615326,-0.8926953673362732,0.017086653038859367,0,6.944186210632324,14.408050537109375,-0.23530399799346924,1
B8,mixamorig_LeftArm,7,0.9726815819740295,0.04108862951397896,-0.22847847640514374,0,0.17734435200691223,0.5035791397094727,0.8455514311790466,0,0.1497998833656311,-0.8629714250564575,0.48253509402275085,0,0,14.708072662353516,0,1
B9,mixamorig_LeftForeArm,8,0.9738240242004395,0.22721107304096222,0.006506002973765135,0,-0.22730407118797302,0.9734119772911072,0.028314007446169853,0,0.00010000274778576568,-0.0290520079433918,0.9995779991149902,0,0,34.312294006347656,0,1
B10,mixamorig_LeftHand,9,0.9222644567489624,0.38487768173217773,-0.03602434694766998,0,-0.3759000897407532,0.914662778377533,0.1486302614212036,0,0.09015483409166336,-0.12353435903787613,0.9882363677024841,0,0,24.291616439819336,0,1
B11,mixamorig_LeftHandThumb1,10,0.9724329710006714,-0.02855600044131279,-0.23142799735069275,0,0.09322000294923782,0.9573220014572144,0.2735770046710968,0,0.21373899281024933,-0.2876090109348297,0.9335939884185791,0,-3.429147958755493,4.241098880767822,1.3000069856643677,1
B12,mixamorig_LeftHandThumb2,11,0.9683949947357178,-0.23246100544929504,0.09040199965238571,0,0.2402310073375702,0.9667739868164062,-0.08739399909973145,0,-0.0670820027589798,0.10634899884462357,0.9920629858970642,0,-0.48837101459503174,4.458755970001221,0,1
B13,mixamorig_LeftHandThumb3,12,0.9632290005683899,-0.25036901235580444,0.09749700129032135,0,0.25050199031829834,0.9680529832839966,0.011070000007748604,0,-0.09715399891138077,0.01375999953597784,0.995173990726471,0,0.10088100284337997,4.718812942504883,0,1
B14,mixamorig_LeftHandThumb4,13,1,0,0,0,0,1,0,0,0,0,1,0,0.38749000430107117,3.7217469215393066,0,1
B15,mixamorig_LeftHandIndex1,10,0.9715149998664856,-0.23578999936580658,-0.023718999698758125,0,0.23697899281978607,0.9663739800453186,0.09980800002813339,0,-0.0006120027392171323,-0.10258500277996063,0.9947239756584167,0,-2.9764649868011475,11.908403396606445,-0.3318359851837158,1
B16,mixamorig_LeftHandIndex2,15,0.9987199902534485,-0.04904099926352501,-0.012350000441074371,0,0.049515996128320694,0.8985779881477356,0.4360109865665436,0,-0.010285000316798687,-0.4360640048980713,0.8998569846153259,0,0.0068259998224675655,4.1543660163879395,0,1
B17,mixamorig_LeftHandIndex3,16,0.9999510049819946,-0.009794999845325947,-0.0010730000212788582,0,0.009703000076115131,0.9598190188407898,0.28045400977134705,0,-0.0017170000355690718,-0.2804499864578247,0.959867000579834,0,-0.031504999846220016,4.142152786254883,0,1
B18,mixamorig_LeftHandIndex4,17,1,0,0,0,0,1,0,0,0,0,1,0,0.024678999558091164,2.7168149948120117,0,1
B19,mixamorig_LeftHandMiddle1,10,0.9630650281906128,-0.2601419985294342,-0.06951799988746643,0,0.26839500665664673,0.9481940269470215,0.16997599601745605,0,0.021699000149965286,-0.18235599994659424,0.9829930067062378,0,2.9764649868011475,12.149983406066895,-0.3635990023612976,1
B20,mixamorig_LeftHandMiddle2,19,0.9999600052833557,-0.007888000458478928,-0.004330997355282307,0,0.008999000303447247,0.8762949705123901,0.48169100284576416,0,-0.000004999999873689376,-0.4817110002040863,0.8763300180435181,0,-0.04589100182056427,3.8907089233398438,0,1
B21,mixamorig_LeftHandMiddle3,20,0.999858021736145,-0.016843000426888466,-0.0006259999936446548,0,0.01580299809575081,0.923882007598877,0.38235101103782654,0,-0.005861999932676554,-0.3823069930076599,0.9240170121192932,0,0.020517000928521156,4.139756202697754,0,1
B22,mixamorig_LeftHandMiddle4,21,1,0,0,0,0,1,0,0,0,0,1,0,0.025374000892043114,3.239130973815918,0,1
B23,mixamorig_RightShoulder,3,0.05662580952048302,-0.018390201032161713,0.9982264041900635,0,-0.8649533987045288,-0.5002673268318176,0.03984885662794113,0,0.49864763021469116,-0.865675151348114,-0.04423542320728302,0,-6.944186210632324,14.407713890075684,-0.23231400549411774,1
B24,mixamorig_RightArm,23,0.9608314037322998,0.10626780986785889,0.2559511363506317,0,-0.2438172698020935,0.7631815075874329,0.5984199047088623,0,-0.13174471259117126,-0.6373856663703918,0.7591989040374756,0,0,14.708072662353516,0,1
B25,mixamorig_RightForeArm,24,0.9734394550323486,-0.22883960604667664,-0.006925192195922136,0,0.2289445996284485,0.973029375076294,0.02826981619000435,0,0.00026880193036049604,-0.029104838147759438,0.9995759725570679,0,0,34.305938720703125,0,1
B26,mixamorig_RightHand,25,0.9766585826873779,-0.19391866028308868,-0.09237484633922577,0,0.1998765468597412,0.9779678583145142,0.06024380400776863,0,0.07865753024816513,-0.07730074226856232,0.9939000606536865,0,0,24.290523529052734,0,1
B27,mixamorig_RightHandThumb1,26,0.9939002990722656,-0.030260318890213966,0.1060471460223198,0,-0.0023591856006532907,0.9555604457855225,0.2947866916656494,0,-0.11025512963533401,-0.2932390868663788,0.9496607184410095,0,3.4751429557800293,4.656501770019531,1.4416580200195312,1
B28,mixamorig_RightHandThumb2,27,0.9581699371337891,0.2852707803249359,0.023054372519254684,0,-0.2837330102920532,0.9573767781257629,-0.054095108062028885,0,-0.03750352934002876,0.04529162868857384,0.9982692003250122,0,0.7077720165252686,4.7366042137146,0,1
B29,mixamorig_RightHandThumb3,28,0.995388388633728,0.072175532579422,-0.06318654119968414,0,-0.07301828265190125,0.99726802110672,-0.01113971509039402,0,0.06220991909503937,0.015702391043305397,0.9979391694068909,0,-0.07647199928760529,4.860551834106445,0,1
B30,mixamorig_RightHandThumb4,29,1,0,0,0,0,1,0,0,0,0,1,0,-0.6312999725341797,3.1993589401245117,0,1
B31,mixamorig_RightHandIndex1,26,0.9736977219581604,0.22653022408485413,0.024444138631224632,0,-0.22780422866344452,0.9658665060997009,0.12331755459308624,0,0.004325385205447674,-0.12564155459403992,0.9920658469200134,0,3.009002923965454,13.303518295288086,-0.33683499693870544,1
B32,mixamorig_RightHandIndex2,31,0.9994890093803406,0.031447164714336395,0.0058066812343895435,0,-0.03157315403223038,0.9415773153305054,0.3353145718574524,0,0.005076708272099495,-0.33532658219337463,0.9420883655548096,0,0.002053000032901764,3.9592320919036865,0,1
B33,mixamorig_RightHandIndex3,32,0.9999470114707947,0.010279037989675999,0.0005630054511129856,0,-0.010210038162767887,0.9832419157028198,0.1820194274187088,0,0.001317008282057941,-0.18201543390750885,0.9832949638366699,0,0.007724999915808439,3.7065179347991943,0,1
B34,mixamorig_RightHandIndex4,33,1,0,0,0,0,1,0,0,0,0,1,0,-0.00977800041437149,2.423612117767334,0,1
B35,mixamorig_RightHandMiddle1,26,0.970198929309845,0.236965149641037,0.05061402544379234,0,-0.2419111728668213,0.959221601486206,0.146193265914917,0,-0.013907447457313538,-0.15408022701740265,0.9879606366157532,0,-3.009002923965454,13.090056419372559,-0.3235509991645813,1
B36,mixamorig_RightHandMiddle2,35,0.9994519948959351,0.03176140785217285,0.009266644716262817,0,-0.03193340077996254,0.8527606129646301,0.521324872970581,0,0.00865565612912178,-0.5213348865509033,0.8533085584640503,0,0.0055599999614059925,3.7237939834594727,0,1
B37,mixamorig_RightHandMiddle3,36,0.9998260736465454,0.01848290115594864,0.0026604030281305313,0,-0.0184389129281044,0.9546849131584167,0.2970466613769531,0,0.0029503507539629936,-0.29704365134239197,0.9548588395118713,0,-0.0020000000949949026,3.8556220531463623,0,1
B38,mixamorig_RightHandMiddle4,37,1,0,0,0,0,1,0,0,0,0,1,0,-0.0035600000992417336,2.850954055786133,0,1
B39,mixamorig_LeftUpLeg,0,-0.9185174107551575,-0.2223052829504013,0.3269653916358948,0,0.3042815327644348,-0.925495982170105,0.2255460023880005,0,0.2524653673171997,0.3066575825214386,0.9177266955375671,0,10.04116153717041,-6.074303150177002,-2.5494260787963867,1
B40,mixamorig_LeftLeg,39,0.9982050061225891,-0.027313126251101494,-0.05329203978180885,0,0.011513208970427513,0.9608574509620667,-0.2768033742904663,0,0.05876605585217476,0.275692343711853,0.9594475030899048,0,0,40.89251708984375,0,1
B41,mixamorig_LeftFoot,40,0.9876108765602112,-0.15215082466602325,-0.038404013961553574,0,0.1201014444231987,0.5753785371780396,0.8090202212333679,0,-0.1009967103600502,-0.8036102056503296,0.5865246653556824,0,0,34.62055206298828,0,1
B42,mixamorig_LeftToeBase,41,0.9990180134773254,0.001283010933548212,0.04428301751613617,0,-0.0219890046864748,0.8821181654930115,0.4705137014389038,0,-0.038459017872810364,-0.4710257053375244,0.8812801837921143,0,0,16.09818458557129,0,1
B43,mixamorig_LeftToe_End,42,1,0,0,0,0,1,0,0,0,0,1,0,0,7.824993133544922,0,1
B44,mixamorig_RightUpLeg,0,-0.9843379259109497,-0.08360520005226135,-0.15520444512367249,0,0.09022756665945053,-0.9952660799026489,-0.036113105714321136,0,-0.15145131945610046,-0.04955097660422325,0.9872217178344727,0,-10.04116153717041,-6.074303150177002,-2.164233922958374,1
B45,mixamorig_RightLeg,44,0.9926170706748962,0.05167670547962189,-0.10973232984542847,0,-0.08573036640882492,0.9389032125473022,-0.3333323001861572,0,0.08580318838357925,0.34027931094169617,0.9364013075828552,0,0,40.90545654296875,0,1
B46,mixamorig_RightFoot,45,0.9951939582824707,-0.08376065641641617,0.050728846341371536,0,-0.02635781839489937,0.26980453729629517,0.962554395198822,0,-0.09431055188179016,-0.9592653512954712,0.2662995457649231,0,0,34.61872863769531,0,1
B47,mixamorig_RightToeBase,46,0.9991070032119751,0.0000010000001111620804,-0.0422619991004467,0,0.02210499905049801,0.8522989749908447,0.5225880146026611,0,0.036020997911691666,-0.5230550169944763,0.8515369892120361,0,0,15.64346694946289,0,1
B48,mixamorig_RightToe_End,47,1,0,0,0,0,1,0,0,0,0,1,0,0,7.542731761932373,0,1
@40,0,1,2,3,4,5,7,8,9,10,11,12,13,15,16,17,19,20,21,23,24,25,26,27,28,29,31,32,33,35,36,37,39,40,41,42,44,45,46,47
K0.000,0.9908620119094849,-0.07658100128173828,0.11102599650621414,0,0.08267399668693542,0.9952530264854431,-0.051350999623537064,0,-0.10656700283288956,0.06005999818444252,0.9924899935722351,0,-1.0460660457611084,89.61066436767578,2.4163269996643066,1,0.9958239793777466,0.08804599940776825,0.02411399967968464,0,-0.08338899910449982,0.9848300218582153,-0.1521729975938797,0,-0.03714599832892418,0.14952600002288818,0.9880599975585938,0,0,10.91888427734375,-1.230828046798706,1,0.9927340149879456,0.10947900265455246,0.04993800073862076,0,-0.10937999933958054,0.9939889907836914,-0.004730000160634518,0,-0.05015600100159645,-0.0007670000195503235,0.9987409710884094,0,0,12.819379806518555,0,1,0.9927319884300232,0.1111529991030693,0.046128999441862106,0,-0.111115001142025,0.993802011013031,-0.0033889999613165855,0,-0.046220000833272934,-0.001762000028975308,0.9989299774169922,0,0,14.65070629119873,0,1,0.9988290071487427,-0.045308999717235565,-0.016944000497460365,0,0.04779500141739845,0.9783949851989746,0.20114600658416748,0,0.0074640000239014626,-0.2017199993133545,0.9794149994850159,0,0,16.4820556640625,0.0000019999999949504854,1,0.9812790155410767,-0.1749960035085678,-0.08042000234127045,0,0.17785599827766418,0.9836040139198303,0.029833000153303146,0,0.07388100028038025,-0.04357700049877167,0.9963150024414062,0,0,7.261107921600342,2.060839891433716,1,-0.09566300362348557,0.01728600077331066,-0.9952639937400818,0,0.8979629874229431,-0.42996400594711304,-0.09377799928188324,0,-0.4295479953289032,-0.9026809930801392,0.025609999895095825,0,6.944186210632324,14.408050537109375,-0.23530399799346924,1,0.9533029794692993,0.10500899702310562,-0.28317201137542725,0,0.20918500423431396,0.44671401381492615,0.8698779940605164,0,0.2178419977426529,-0.888493001461029,0.403887003660202,0,0,14.708072662353516,0,1,0.9737820029258728,0.22739200294017792,0.006510999985039234,0,-0.22748500108718872,0.9733690023422241,0.028335999697446823,0,0.00010599999950500205,-0.02907400019466877,0.999576985836029,0,0,34.312294006347656,0,1,0.9018539786338806,0.4136120080947876,-0.12483599781990051,0,-0.39520299434661865,0.9065200090408325,0.14844800531864166,0,0.17456699907779694,-0.08454299718141556,0.9810090065002441,0,0,24.291616439819336,0,1,0.9724329710006714,-0.02855600044131279,-0.23142799735069275,0,0.09322000294923782,0.9573220014572144,0.2735770046710968,0,0.21373899281024933,-0.2876090109348297,0.9335939884185791,0,-3.429147958755493,4.241098880767822,1.3000069856643677,1,0.9683949947357178,-0.23246200382709503,0.09040199965238571,0,0.2402310073375702,0.9667739868164062,-0.08739399909973145,0,-0.0670820027589798,0.10634899884462357,0.9920629858970642,0,-0.48837101459503174,4.458755970001221,0,1,0.9632290005683899,-0.25036901235580444,0.09749700129032135,0,0.25050199031829834,0.9680529832839966,0.011070000007748604,0,-0.09715399891138077,0.01375999953597784,0.995173990726471,0,0.10088100284337997,4.718812942504883,0,1,0.9715149998664856,-0.23578999936580658,-0.023718999698758125,0,0.23697899281978607,0.9663739800453186,0.09980800002813339,0,-0.0006120000034570694,-0.10258600115776062,0.9947239756584167,0,-2.9764649868011475,11.908403396606445,-0.3318359851837158,1,0.9987199902534485,-0.04904099926352501,-0.012350000441074371,0,0.04951599985361099,0.8985779881477356,0.4360109865665436,0,-0.010285000316798687,-0.4360649883747101,0.8998569846153259,0,0.0068259998224675655,4.1543660163879395,0,1,0.9999510049819946,-0.009794999845325947,-0.0010730000212788582,0,0.009703000076115131,0.9598180055618286,0.28045400977134705,0,-0.0017170000355690718,-0.2804509997367859,0.959867000579834,0,-0.031504999846220016,4.142152786254883,0,1,0.9630650281906128,-0.2601419985294342,-0.06951799988746643,0,0.26839500665664673,0.9481940269470215,0.16997499763965607,0,0.021699000149965286,-0.18235500156879425,0.9829930067062378,0,2.9764649868011475,12.149983406066895,-0.3635990023612976,1,0.9999600052833557,-0.007888000458478928,-0.0043310001492500305,0,0.008999000303447247,0.8762949705123901,0.48169100284576416,0,-0.000004999999873689376,-0.4817110002040863,0.8763300180435181,0,-0.04589100182056427,3.8907089233398438,0,1,0.999858021736145,-0.016843000426888466,-0.0006259999936446548,0,0.01580199971795082,0.923882007598877,0.38235199451446533,0,-0.005861000157892704,-0.3823069930076599,0.9240170121192932,0,0.020517000928521156,4.139756202697754,0,1,0.034623999148607254,-0.01930299960076809,0.9992139935493469,0,-0.867035984992981,-0.4978269934654236,0.020426999777555466,0,0.4970420002937317,-0.8670610189437866,-0.033973000943660736,0,-6.944186210632324,14.407713890075684,-0.23231400549411774,1,0.9529020190238953,0.13140399754047394,0.27333199977874756,0,-0.2753719985485077,0.7525119781494141,0.5982440114021301,0,-0.1270740032196045,-0.6453359723091125,0.7532550096511841,0,0,14.708072662353516,0,1,0.9812549948692322,-0.19262400269508362,-0.005960000213235617,0,0.1927119940519333,0.9809669852256775,0.023795999586582184,0,0.0012629999546334147,-0.024498000741004944,0.9996989965438843,0,0,34.305938720703125,0,1,0.9750810265541077,-0.2076680064201355,-0.07804299890995026,0,0.21231600642204285,0.9755460023880005,0.05684199929237366,0,0.06432999670505524,-0.07199600338935852,0.9953280091285706,0,0,24.290523529052734,0,1,0.993490993976593,-0.0349389985203743,0.10842099785804749,0,0.001690999954007566,0.9562180042266846,0.2926509976387024,0,-0.11389899998903275,-0.2905629873275757,0.9500529766082764,0,3.4751429557800293,4.656501770019531,1.4416580200195312,1,0.9559969902038574,0.2930789887905121,0.013198000378906727,0,-0.2923380136489868,0.9554309844970703,-0.04111900180578232,0,-0.024661000818014145,0.035450998693704605,0.9990670084953308,0,0.7077720165252686,4.7366042137146,0,1,0.9959480166435242,0.0745450034737587,-0.05030500143766403,0,-0.07466799765825272,0.9972079992294312,-0.0005750000127591193,0,0.0501209981739521,0.004329000134021044,0.9987339973449707,0,-0.07647199928760529,4.860551834106445,0,1,0.9740599989891052,0.22498400509357452,0.024274999275803566,0,-0.22625699639320374,0.9664819836616516,0.12132900208234787,0,0.003836000105366111,-0.12367399781942368,0.9923160076141357,0,3.009002923965454,13.303518295288086,-0.33683499693870544,1,0.9994519948959351,0.032506998628377914,0.006219999864697456,0,-0.03264399990439415,0.9372000098228455,0.3472619950771332,0,0.005458999890834093,-0.3472749888896942,0.9377470016479492,0,0.002053000032901764,3.9592320919036865,0,1,0.9999480247497559,0.010228999890387058,0.0005559999844990671,0,-0.010161000303924084,0.9833440184593201,0.18147200345993042,0,0.0013089999556541443,-0.18146799504756927,0.9833959937095642,0,0.007724999915808439,3.7065179347991943,0,1,0.9702479839324951,0.23677100241184235,0.050581999123096466,0,-0.24167199432849884,0.9597190022468567,0.14329899847507477,0,-0.01461500022560358,-0.15125900506973267,0.9883859753608704,0,-3.009002923965454,13.090056419372559,-0.3235509991645813,1,0.9994270205497742,0.03242599964141846,0.009670999832451344,0,-0.032604001462459564,0.8464000225067139,0.531548023223877,0,0.009050999768078327,-0.5315589904785156,0.8469730019569397,0,0.0055599999614059925,3.7237939834594727,0,1,0.9997770190238953,0.020819999277591705,0.0033909999765455723,0,-0.020759999752044678,0.9426789879798889,0.3330540060997009,0,0.003737000050023198,-0.333050012588501,0.9429020285606384,0,-0.0020000000949949026,3.8556220531463623,0,1,-0.9185420274734497,-0.22479300200939178,0.3251889944076538,0,0.31342700123786926,-0.9154229760169983,0.2525170147418976,0,0.2409220039844513,0.3338710069656372,0.9113109707832336,0,10.04116153717041,-6.074303150177002,-2.5494260787963867,1,0.9963470101356506,-0.027793999761343002,-0.08074600249528885,0,0.0035170000046491623,0.9581030011177063,-0.28640100359916687,0,0.08532299846410751,0.2850709855556488,0.9547010064125061,0,0,40.89251708984375,0,1,0.9866330027580261,-0.15867500007152557,-0.037112001329660416,0,0.123539999127388,0.5798079967498779,0.8053320050239563,0,-0.1062680035829544,-0.7991529703140259,0.5916609764099121,0,0,34.62055206298828,0,1,0.9990260004997253,0.0011810000287368894,0.04410700127482414,0,-0.021942000836133957,0.8805739879608154,0.4733999967575073,0,-0.038279999047517776,-0.4739069938659668,0.8797429800033569,0,0,16.09818458557129,0,1,-0.984250009059906,-0.10599800199270248,-0.14148099720478058,0,0.10974100232124329,-0.9937809705734253,-0.018897999078035355,0,-0.1385979950428009,-0.03412700071930885,0.9897609949111938,0,-10.04116153717041,-6.074303150177002,-2.164233922958374,1,0.9882959723472595,0.039820000529289246,-0.147257998585701,0,-0.08883100003004074,0.9350000023841858,-0.34334298968315125,0,0.1240139976143837,0.35240599513053894,0.927594006061554,0,0,40.90545654296875,0,1,0.9950670003890991,-0.08488599956035614,0.0513480007648468,0,-0.02733599953353405,0.26294299960136414,0.9644240140914917,0,-0.09536699950695038,-0.9610700011253357,0.2593260109424591,0,0,34.61872863769531,0,1,0.9991199970245361,0.0001500000071246177,-0.041951000690460205,0,0.02201000042259693,0.8494250178337097,0.5272489786148071,0,0.03571299836039543,-0.5277090072631836,0.8486739993095398,0,0,15.64346694946289,0,1
K0.033,0.9909279942512512,-0.07648000121116638,0.11050999164581299,0,0.08251000195741653,0.995281994342804,-0.05104999616742134,0,-0.10608398914337158,0.05970499664545059,0.992563009262085,0,-1.0441340208053589,89.61295318603516,2.4345593452453613,1,0.9958310127258301,0.08799000084400177,0.024049999192357063,0,-0.08333300054073334,0.9847949743270874,-0.15242899954319,0,-0.03709600120782852,0.1497890055179596,0.9880220293998718,0,0,10.91888427734375,-1.230828046798706,1,0.9927480220794678,0.10941699892282486,0.04979800060391426,0,-0.10930699855089188,0.9939960241317749,-0.0049530030228197575,0,-0.05004100129008293,-0.0005259966710582376,0.9987469911575317,0,0,12.819379806518555,0,1,0.9927459955215454,0.1110910028219223,0.04598499834537506,0,-0.11104299873113632,0.9938089847564697,-0.003617003094404936,0,-0.046101998537778854,-0.0015159966424107552,0.9989359974861145,0,0,14.65070629119873,0,1,0.9988260269165039,-0.045414999127388,-0.016843000426888466,0,0.04788300022482872,0.9782660007476807,0.20175200700759888,0,0.007313999347388744,-0.20232099294662476,0.9792919754981995,0,0,16.4820556640625,0.0000019999999949504854,1,0.9810910224914551,-0.17610400915145874,-0.08030100166797638,0,0.1791520118713379,0.98328697681427,0.03241802379488945,0,0.07325000315904617,-0.0461910255253315,0.9962430000305176,0,0,7.261107921600342,2.060839891433716,1,-0.09521199762821198,0.017255999147892,-0.9953070282936096,0,0.8980630040168762,-0.42984598875045776,-0.0933620035648346,0,-0.4294390082359314,-0.9027379751205444,0.025429999455809593,0,6.944186210632324,14.408050537109375,-0.23530399799346924,1,0.9531880021095276,0.10531199723482132,-0.2834469974040985,0,0.2095090001821518,0.4459010064601898,0.8702170252799988,0,0.21803399920463562,-0.8888649940490723,0.4029630124568939,0,0,14.708072662353516,0,1,0.9737820029258728,0.22738899290561676,0.006510999985039234,0,-0.22748200595378876,0.9733700156211853,0.028334999457001686,0,0.00010599999950500205,-0.02907400019466877,0.999576985836029,0,0,34.312294006347656,0,1,0.9016680121421814,0.4145750105381012,-0.12297497689723969,0,-0.39687201380729675,0.9062880277633667,0.1453789919614792,0,0.1717209666967392,-0.08227798342704773,0.9817039966583252,0,0,24.291616439819336,0,1,0.9724329710006714,-0.02855600044131279,-0.23142799735069275,0,0.09322000294923782,0.9573220014572144,0.2735770046710968,0,0.21373899281024933,-0.2876090109348297,0.9335939884185791,0,-3.429147958755493,4.241098880767822,1.3000069856643677,1,0.9683949947357178,-0.23246100544929504,0.09040199965238571,0,0.2402310073375702,0.9667739868164062,-0.08739300072193146,0,-0.0670820027589798,0.10634899884462357,0.9920629858970642,0,-0.48837101459503174,4.458755970001221,0,1,0.9632290005683899,-0.25036901235580444,0.09749700129032135,0,0.2505030035972595,0.9680529832839966,0.011070000007748604,0,-0.09715399891138077,0.01375999953597784,0.995173990726471,0,0.10088100284337997,4.718812942504883,0,1,0.9715149998664856,-0.23578999936580658,-0.023718999698758125,0,0.23697899281978607,0.9663739800453186,0.09980800002813339,0,-0.0006130000110715628,-0.10258600115776062,0.9947239756584167,0,-2.9764649868011475,11.908403396606445,-0.3318359851837158,1,0.9987199902534485,-0.04904099926352501,-0.012350000441074371,0,0.04951599985361099,0.8985779881477356,0.4360109865665436,0,-0.010285000316798687,-0.4360649883747101,0.8998569846153259,0,0.0068259998224675655,4.1543660163879395,0,1,0.9999510049819946,-0.009794999845325947,-0.0010730000212788582,0,0.009703000076115131,0.9598190188407898,0.28045400977134705,0,-0.0017170000355690718,-0.2804499864578247,0.959867000579834,0,-0.031504999846220016,4.142152786254883,0,1,0.9630650281906128,-0.2601419985294342,-0.06951799988746643,0,0.26839500665664673,0.9481940269470215,0.16997499763965607,0,0.021699000149965286,-0.18235500156879425,0.9829930067062378,0,2.9764649868011475,12.149983406066895,-0.3635990023612976,1,0.9999600052833557,-0.007888000458478928,-0.0043310001492500305,0,0.008999000303447247,0.8762949705123901,0.48169100284576416,0,-0.000004999999873689376,-0.4817110002040863,0.8763300180435181,0,-0.04589100182056427,3.8907089233398438,0,1,0.999858021736145,-0.016843000426888466,-0.0006259999936446548,0,0.01580199971795082,0.923882007598877,0.38235199451446533,0,-0.005861000157892704,-0.3823069930076599,0.9240170121192932,0,0.020517000928521156,4.139756202697754,0,1,0.03505200892686844,-0.019276000559329987,0.9991999864578247,0,-0.8670520186424255,-0.49778300523757935,0.020813006907701492,0,0.49698400497436523,-0.8670870065689087,-0.0341620035469532,0,-6.944186210632324,14.407713890075684,-0.23231400549411774,1,0.9524670243263245,0.1298699826002121,0.2755740284919739,0,-0.2757109999656677,0.752236008644104,0.5984359979629517,0,-0.12957702577114105,-0.6459689736366272,0.7522860169410706,0,0,14.708072662353516,0,1,0.9814010262489319,-0.19187799096107483,-0.005941999610513449,0,0.1919659823179245,0.9811149835586548,0.02370399795472622,0,0.0012810004409402609,-0.024403998628258705,0.9997010231018066,0,0,34.305938720703125,0,1,0.9754499793052673,-0.2069540023803711,-0.07528597861528397,0,0.21172000467777252,0.97536301612854,0.06198703870177269,0,0.06060197576880455,-0.07640503346920013,0.9952329993247986,0,0,24.290523529052734,0,1,0.9934729933738708,-0.03501800075173378,0.10855700075626373,0,0.001743000466376543,0.95625901222229,0.29251599311828613,0,-0.11405199766159058,-0.29041799902915955,0.9500790238380432,0,3.4751429557800293,4.656501770019531,1.4416580200195312,1,0.955947995185852,0.29324600100517273,0.013021999038755894,0,-0.29251599311828613,0.9553850293159485,-0.04090199992060661,0,-0.024434998631477356,0.035291001200675964,0.9990779757499695,0,0.7077720165252686,4.7366042137146,0,1,0.9959629774093628,0.07453099638223648,-0.05002700164914131,0,-0.07464300096035004,0.9972100257873535,-0.0003869991342071444,0,0.049858998507261276,0.004118999000638723,0.9987480044364929,0,-0.07647199928760529,4.860551834106445,0,1,0.9740809798240662,0.22489500045776367,0.024265000596642494,0,-0.22616900503635406,0.9665169715881348,0.12121500074863434,0,0.00380800012499094,-0.12356200069189072,0.992330014705658,0,3.009002923965454,13.303518295288086,-0.33683499693870544,1,0.9994519948959351,0.03252499923110008,0.006227000150829554,0,-0.03266200050711632,0.9371259808540344,0.347460001707077,0,0.00546600017696619,-0.34747201204299927,0.9376739859580994,0,0.002053000032901764,3.9592320919036865,0,1,0.9999480247497559,0.010227000340819359,0.0005559999844990671,0,-0.010157999582588673,0.9833490252494812,0.18144099414348602,0,0.0013089999556541443,-0.18143700063228607,0.9834020137786865,0,0.007724999915808439,3.7065179347991943,0,1,0.9702510237693787,0.2367600053548813,0.05057999864220619,0,-0.2416590005159378,0.9597470164299011,0.1431339979171753,0,-0.01465499959886074,-0.15109899640083313,0.9884099960327148,0,-3.009002923965454,13.090056419372559,-0.3235509991645813,1,0.9994270205497742,0.03243900090456009,0.00967899989336729,0,-0.032618001103401184,0.8462740182876587,0.5317490100860596,0,0.009058999828994274,-0.5317599773406982,0.8468469977378845,0,0.0055599999614059925,3.7237939834594727,0,1,0.9997760057449341,0.020878000184893608,0.003410999896004796,0,-0.02081800065934658,0.9423609972000122,0.3339509963989258,0,0.0037579999770969152,-0.33394700288772583,0.9425839781761169,0,-0.0020000000949949026,3.8556220531463623,0,1,-0.9184899926185608,-0.22464799880981445,0.325437992811203,0,0.313416987657547,-0.9153810143470764,0.2526809871196747,0,0.24113599956035614,0.3340829908847809,0.9111760258674622,0,10.04116153717041,-6.074303150177002,-2.5494260787963867,1,0.9963020086288452,-0.028463007882237434,-0.08107200264930725,0,0.0040710060857236385,0.9581149816513062,-0.2863540053367615,0,0.08582700788974762,0.28496500849723816,0.9546880125999451,0,0,40.89251708984375,0,1,0.9867050051689148,-0.15821899473667145,-0.03713800013065338,0,0.12327899783849716,0.5797600150108337,0.8054069876670837,0,-0.10589899122714996,-0.7992780208587646,0.5915579795837402,0,0,34.62055206298828,0,1,0.9990249872207642,0.0011970001505687833,0.044133998453617096,0,-0.021949000656604767,0.8808140158653259,0.4729529917240143,0,-0.038307998329401016,-0.47346100211143494,0.8799809813499451,0,0,16.09818458557129,0,1,-0.9842590093612671,-0.10580199956893921,-0.14156000316143036,0,0.10957100242376328,-0.9937959909439087,-0.019079001620411873,0,-0.13866400718688965,-0.03429000452160835,0.9897459745407104,0,-10.04116153717041,-6.074303150177002,-2.164233922958374,1,0.9882490038871765,0.039994001388549805,-0.14752499759197235,0,-0.08901400119066238,0.9351980090141296,-0.342754989862442,0,0.12425599992275238,0.3518590033054352,0.9277690052986145,0,0,40.90545654296875,0,1,0.9950680136680603,-0.08485499769449234,0.051371000707149506,0,-0.02735999971628189,0.2630099952220917,0.9644050002098083,0,-0.09534499794244766,-0.9610540270805359,0.25939100980758667,0,0,34.61872863769531,0,1,0.999118983745575,0.00014599999121855944,-0.041958998888731,0,0.022012999281287193,0.8495000004768372,0.5271289944648743,0,0.03572100028395653,-0.5275890231132507,0.8487489819526672,0,0,15.64346694946289,0,1
K0.067,0.99099200963974,-0.07632099837064743,0.11004400998353958,0,0.08229299634695053,0.9953129887580872,-0.050787005573511124,0,-0.10565200448036194,0.0593860037624836,0.9926279783248901,0,-1.0421570539474487,89.61581420898438,2.4550037384033203,1,0.9958599805831909,0.08769000321626663,0.023958999663591385,0,-0.08304200321435928,0.98478102684021,-0.15267600119113922,0,-0.03698199987411499,0.1500539928674698,0.9879860281944275,0,0,10.91888427734375,-1.230828046798706,1,0.9927889704704285,0.1091269999742508,0.049612998962402344,0,-0.10900100320577621,0.9940279722213745,-0.005252997390925884,0,-0.049890000373125076,-0.0001930033031385392,0.9987549781799316,0,0,12.819379806518555,0,1,0.9927870035171509,0.11079800128936768,0.045809000730514526,0,-0.11073499917984009,0.9938420057296753,-0.003926996607333422,0,-0.04596199840307236,-0.0011740033514797688,0.9989429712295532,0,0,14.65070629119873,0,1,0.9988179802894592,-0.045591000467538834,-0.01684500090777874,0,0.04805700108408928,0.978193998336792,0.20205700397491455,0,0.007265000604093075,-0.2026270031929016,0.9792289733886719,0,0,16.4820556640625,0.0000019999999949504854,1,0.9807969927787781,-0.17757198214530945,-0.08065299689769745,0,0.1808129847049713,0.9829019904136658,0.03477797657251358,0,0.07309799641370773,-0.0486929751932621,0.9961349964141846,0,0,7.261107921600342,2.060839891433716,1,-0.09511300176382065,0.017215000465512276,-0.9953179955482483,0,0.8981990218162537,-0.42958301305770874,-0.09326200187206268,0,-0.4291769862174988,-0.9028630256652832,0.02539600059390068,0,6.944186210632324,14.408050537109375,-0.23530399799346924,1,0.9530829787254333,0.10541199892759323,-0.2837640047073364,0,0.2098120003938675,0.4456779956817627,0.8702589869499207,0,0.21820299327373505,-0.8889660239219666,0.40265101194381714,0,0,14.708072662353516,0,1,0.973783016204834,0.22738699615001678,0.006510999985039234,0,-0.22748099267482758,0.9733700156211853,0.028334999457001686,0,0.00010599999950500205,-0.02907400019466877,0.999576985836029,0,0,34.312294006347656,0,1,0.9016199707984924,0.41527798771858215,-0.12093502283096313,0,-0.3981019854545593,0.9060729742050171,0.1433420181274414,0,0.16910302639007568,-0.08109601587057114,0.9822559952735901,0,0,24.291616439819336,0,1,0.9724329710006714,-0.02855600044131279,-0.23142799735069275,0,0.09322000294923782,0.9573220014572144,0.2735770046710968,0,0.21373899281024933,-0.2876090109348297,0.9335939884185791,0,-3.429147958755493,4.241098880767822,1.3000069856643677,1,0.9683949947357178,-0.23246200382709503,0.09040199965238571,0,0.2402310073375702,0.9667739868164062,-0.08739399909973145,0,-0.0670820027589798,0.10634899884462357,0.9920629858970642,0,-0.48837101459503174,4.458755970001221,0,1,0.9632290005683899,-0.25036901235580444,0.09749700129032135,0,0.25050199031829834,0.9680529832839966,0.01107100024819374,0,-0.09715399891138077,0.01375999953597784,0.995173990726471,0,0.10088100284337997,4.718812942504883,0,1,0.9715149998664856,-0.23578999936580658,-0.023718999698758125,0,0.23697899281978607,0.9663739800453186,0.09980800002813339,0,-0.0006130000110715628,-0.10258600115776062,0.9947239756584167,0,-2.9764649868011475,11.908403396606445,-0.3318359851837158,1,0.9987199902534485,-0.04904099926352501,-0.012350000441074371,0,0.04951599985361099,0.8985779881477356,0.4360109865665436,0,-0.010285000316798687,-0.4360640048980713,0.8998569846153259,0,0.0068259998224675655,4.1543660163879395,0,1,0.9999510049819946,-0.009794999845325947,-0.0010730000212788582,0,0.009703000076115131,0.9598190188407898,0.28045299649238586,0,-0.0017170000355690718,-0.2804499864578247,0.959867000579834,0,-0.031504999846220016,4.142152786254883,0,1,0.9630650281906128,-0.2601419985294342,-0.06951799988746643,0,0.26839399337768555,0.9481940269470215,0.16997599601745605,0,0.021699000149965286,-0.18235599994659424,0.9829930067062378,0,2.9764649868011475,12.149983406066895,-0.3635990023612976,1,0.9999600052833557,-0.007888000458478928,-0.0043310001492500305,0,0.008999000303447247,0.8762949705123901,0.48169100284576416,0,-0.000004999999873689376,-0.4817110002040863,0.8763300180435181,0,-0.04589100182056427,3.8907089233398438,0,1,0.999858021736145,-0.016843000426888466,-0.0006259999936446548,0,0.01580199971795082,0.923882007598877,0.38235199451446533,0,-0.005861999932676554,-0.3823069930076599,0.9240170121192932,0,0.020517000928521156,4.139756202697754,0,1,0.03583299368619919,-0.019245000556111336,0.9991719722747803,0,-0.8669360280036926,-0.4979560077190399,0.0214999932795763,0,0.49713099002838135,-0.8669880032539368,-0.03452799469232559,0,-6.944186210632324,14.407713890075684,-0.23231400549411774,1,0.9519309997558594,0.12796001136302948,0.27830296754837036,0,-0.2762959897518158,0.7509390115737915,0.599793016910553,0,-0.13223896920681,-0.6478549838066101,0.7501969933509827,0,0,14.708072662353516,0,1,0.9817450046539307,-0.1901090145111084,-0.005900000687688589,0,0.19019600749015808,0.9814649820327759,0.023485001176595688,0,0.001324999495409429,-0.0241790022701025,0.9997069835662842,0,0,34.305938720703125,0,1,0.9755730032920837,-0.20708799362182617,-0.07329302281141281,0,0.21192499995231628,0.9750679731369019,0.06580596417188644,0,0.05783802643418312,-0.07973097264766693,0.9951369762420654,0,0,24.290523529052734,0,1,0.9934840202331543,-0.03505299985408783,0.10844600200653076,0,0.0017949995817616582,0.9562230110168457,0.2926329970359802,0,-0.11395599693059921,-0.2905310094356537,0.9500560164451599,0,3.4751429557800293,4.656501770019531,1.4416580200195312,1,0.9559249877929688,0.2933250069618225,0.012938001193106174,0,-0.29260098934173584,0.9553639888763428,-0.04079800099134445,0,-0.024328002706170082,0.03521500155329704,0.9990839958190918,0,0.7077720165252686,4.7366042137146,0,1,0.995959997177124,0.07464300096035004,-0.04993100091814995,0,-0.07475099712610245,0.9972019791603088,-0.0002990008797496557,0,0.049768999218940735,0.004030000884085894,0.998753011226654,0,-0.07647199928760529,4.860551834106445,0,1,0.9740639925003052,0.22496700286865234,0.02427300065755844,0,-0.22623999416828156,0.9664890170097351,0.12130700051784515,0,0.0038309998344630003,-0.12365200370550156,0.9923179745674133,0,3.009002923965454,13.303518295288086,-0.33683499693870544,1,0.9994509816169739,0.03253300115466118,0.00622999994084239,0,-0.032669998705387115,0.9370909929275513,0.3475539982318878,0,0.005468999966979027,-0.34756699204444885,0.9376389980316162,0,0.002053000032901764,3.9592320919036865,0,1,0.9999480247497559,0.010228999890387058,0.0005559999844990671,0,-0.010160000063478947,0.9833449721336365,0.1814659982919693,0,0.0013089999556541443,-0.18146200478076935,0.9833970069885254,0,0.007724999915808439,3.7065179347991943,0,1,0.9702479839324951,0.23676900565624237,0.05058100074529648,0,-0.24166999757289886,0.9597240090370178,0.14326800405979156,0,-0.014623000286519527,-0.15122899413108826,0.9883909821510315,0,-3.009002923965454,13.090056419372559,-0.3235509991645813,1,0.9994270205497742,0.03244499862194061,0.009682999923825264,0,-0.03262399882078171,0.8462129831314087,0.531844973564148,0,0.00906199961900711,-0.5318560004234314,0.8467860221862793,0,0.0055599999614059925,3.7237939834594727,0,1,0.9997760057449341,0.020888999104499817,0.003413999918848276,0,-0.02082899957895279,0.9422990083694458,0.33412298560142517,0,0.0037620000075548887,-0.3341189920902252,0.9425230026245117,0,-0.0020000000949949026,3.8556220531463623,0,1,-0.9184520244598389,-0.22451700270175934,0.32563599944114685,0,0.31337401270866394,-0.915378987789154,0.2527399957180023,0,0.24133700132369995,0.3341749906539917,0.9110890030860901,0,10.04116153717041,-6.074303150177002,-2.5494260787963867,1,0.9962649941444397,-0.029166992753744125,-0.08127299696207047,0,0.004694994073361158,0.9581289887428284,-0.2862969934940338,0,0.08621999621391296,0.2848460078239441,0.9546880125999451,0,0,40.89251708984375,0,1,0.9867799878120422,-0.15773899853229523,-0.03720000013709068,0,0.12302800267934799,0.5796679854393005,0.805512011051178,0,-0.10549701005220413,-0.7994400262832642,0.5914109945297241,0,0,34.62055206298828,0,1,0.999023973941803,0.0012099999003112316,0.0441569983959198,0,-0.02195500023663044,0.8810120224952698,0.472584992647171,0,-0.03833099827170372,-0.4730930030345917,0.8801779747009277,0,0,16.09818458557129,0,1,-0.9842569828033447,-0.10559000074863434,-0.14173200726509094,0,0.10939600318670273,-0.9938110113143921,-0.019313998520374298,0,-0.1388159990310669,-0.03451399505138397,0.9897170066833496,0,-10.04116153717041,-6.074303150177002,-2.164233922958374,1,0.9882180094718933,0.0400330014526844,-0.1477240025997162,0,-0.08904500305652618,0.9354040026664734,-0.34218600392341614,0,0.12448299676179886,0.3513079881668091,0.9279469847679138,0,0,40.90545654296875,0,1,0.9950770139694214,-0.0847340002655983,0.05140199884772301,0,-0.027418000623583794,0.263047993183136,0.9643930196762085,0,-0.09523800015449524,-0.9610549807548523,0.259429007768631,0,0,34.61872863769531,0,1,0.999118983745575,0.0001440000196453184,-0.04196399822831154,0,0.02201399952173233,0.8495500087738037,0.5270490050315857,0,0.03572700172662735,-0.527508020401001,0.8487979769706726,0,0,15.64346694946289,0,1
