1.033,30,30,65
B0,mixamorig_Hips,-1,0.9993159770965576,-0.03423304483294487,0.013014336116611958,0,0.034083034843206406,0.9993478059768677,0.011872322298586369,0,-0.013412115164101124,-0.011420726776123047,0.9998316168785095,0,0.0009115973953157663,0.8968947529792786,0.15247566998004913,1
B1,mixamorig_Spine,0,0.9997644424438477,-0.0009608862455934286,-0.021611617878079414,0,0.0018917457200586796,0.9990718364715576,0.04302988201379776,0,0.021549880504608154,-0.043061669915914536,0.9988385438919067,0,0,0.12033999711275101,0.0043390002101659775,1
B2,mixamorig_Spine1,1,0.9990704655647278,-0.0042683957144618034,-0.042769577354192734,0,0.004872845020145178,0.999889075756073,0.013943616300821304,0,0.04270435497164726,-0.014143361710011959,0.9989821314811707,0,0,0.14048700034618378,0,1
B3,mixamorig_Spine2,2,0.9990704655647278,-0.0042683957144618034,-0.042769577354192734,0,0.004872845020145178,0.999889075756073,0.013943616300821304,0,0.04270435497164726,-0.014143361710011959,0.9989821314811707,0,0,0.16055700182914734,0,1
B4,mixamorig_Neck,3,0.9994790554046631,0.02575474977493286,0.01818704977631569,0,-0.02564597874879837,0.9996182918548584,-0.006518910638988018,0,-0.018320271745324135,0.006039149593561888,0.9998036026954651,0,0,0.1806260049343109,0,1
B5,mixamorig_Head,4,0.999067485332489,0.003638762515038252,0.0428459569811821,0,-0.004694199189543724,0.9996789693832397,0.02444334141910076,0,-0.04273221269249916,-0.024627335369586945,0.9987770915031433,0,0,0.03383199870586395,-0.0001230000052601099,1
B6,mixamorig_HeadTop_End,5,1,0,0,0,0,1,0,0,0,0,1,0,0,0.27046599984169006,-0.0009820000268518925,1
B7,mixamorig_LeftShoulder,3,0.23125390708446503,0.019250331446528435,-0.9726976752281189,0,0.7995462417602539,-0.5733609795570374,0.17873606085777283,0,-0.5542654991149902,-0.8190596103668213,-0.1480008065700531,0,0.07168799638748169,0.13829299807548523,0.001534000039100647,1
B8,mixamorig_LeftArm,7,0.9498634934425354,-0.3014945387840271,0.07849468290805817,0,0.19363608956336975,0.7686156034469604,0.6089661717414856,0,-0.24445289373397827,-0.563510000705719,0.7889895439147949,0,0,0.16490699350833893,0,1
B9,mixamorig_LeftForeArm,8,0.8277585506439209,0.4838341176509857,-0.28357523679733276,0,-0.42902979254722595,0.8719239234924316,0.23536251485347748,0,0.3612973988056183,-0.07323448359966278,0.929556131362915,0,0,0.1895820051431656,0,1
B10,mixamorig_LeftHand,9,0.9312172532081604,0.04401952400803566,-0.3615768551826477,0,-0.11988746374845505,0.9743366241455078,-0.19016510248184204,0,0.34397974610328674,0.22052258253097534,0.912697434425354,0,0,0.24831999838352203,0,1
B11,mixamorig_LeftHandThumb1,10,0.8221719861030579,0.5574259757995605,0.11536599695682526,0,-0.5318359732627869,0.6799569725990295,0.5047860145568848,0,0.20293700695037842,-0.476377010345459,0.8555009961128235,0,-0.035753000527620316,0.029025999829173088,0.004929000046104193,1
B12,mixamorig_LeftHandThumb2,11,0.9007520079612732,-0.4341689944267273,0.011931000277400017,0,0.4342080056667328,0.9008119702339172,-0.0007376803550869226,0,-0.010427000001072884,0.00584468012675643,0.9999290108680725,0,0.0024389999452978373,0.03697099909186363,0,1
B13,mixamorig_LeftHandThumb3,12,0.8720359802246094,0.48944100737571716,0.00031599999056197703,0,-0.48944100737571716,0.8720359802246094,-0.00008299999899463728,0,-0.00031599999056197703,-0.00008199999865610152,1,0,-0.007978999987244606,0.030834000557661057,0,1
B14,mixamorig_LeftHandThumb4,13,1,0,0,0,0,1,0,0,0,0,1,0,0.005541000049561262,0.020873000845313072,0,1
B15,mixamorig_LeftHandIndex1,10,0.9747990369796753,0.2218676060438156,0.023227544501423836,0,-0.19147488474845886,0.7786404490470886,0.597364604473114,0,0.11444704234600067,-0.5867582559585571,0.8015002608299255,0,-0.047304000705480576,0.10873299837112427,0.0006399999838322401,1
B16,mixamorig_LeftHandIndex2,15,0.9935091733932495,0.07702388614416122,0.08363094180822372,0,-0.1039324477314949,0.31768637895584106,0.9420892000198364,0,0.04609187692403793,-0.9446709156036377,0.3236417770385742,0,-0.00002700000004551839,0.03759299963712692,0,1
B17,mixamorig_LeftHandIndex3,16,1,0,0,0,0,1,-9.999999974752427e-7,0,0,9.999999974752427e-7,1,0,0.000024000000848900527,0.0349389985203743,0,1
B18,mixamorig_LeftHandIndex4,17,1,0,0,0,0,1,0,0,0,0,1,0,0.000003000000106112566,0.02469000034034252,0,1
B19,mixamorig_LeftHandMiddle1,10,0.9578636288642883,0.25360846519470215,0.1348259299993515,0,-0.2500879168510437,0.5055452585220337,0.8256360292434692,0,0.1412341147661209,-0.8245630860328674,0.5476681590080261,0,-0.019946999847888947,0.13909000158309937,-0.001306000049225986,1
B20,mixamorig_LeftHandMiddle2,19,0.9871001839637756,0.10419002920389175,0.12151972949504852,0,-0.11883589625358582,-0.031202441081404686,0.9920496344566345,0,0.10724042356014252,-0.9936952590942383,-0.01840801164507866,0,-0.00002300000051036477,0.0331839993596077,0,1
B21,mixamorig_LeftHandMiddle3,20,1,0,0,0,0,1,0,0,0,0,1,0,-0.00002499999936844688,0.03209700062870979,0,1
B22,mixamorig_LeftHandMiddle4,21,1,0,0,0,0,1,0,0,0,0,1,0,0.000048000001697801054,0.02136700041592121,0,1
B23,mixamorig_LeftHandRing1,10,0.9754802584648132,0.11182545125484467,0.18955181539058685,0,-0.2200784683227539,0.49984005093574524,0.8375694751739502,0,-0.0010716499527916312,-0.8587485551834106,0.5121955275535583,0,0.015917999669909477,0.12348099797964096,0.0021510000806301832,1
B24,mixamorig_LeftHandRing2,23,0.990423858165741,0.10034774988889694,0.09479258954524994,0,-0.0870576798915863,-0.0785437598824501,0.992728590965271,0,0.10712684690952301,-0.9914734363555908,-0.06904970109462738,0,-0.000039999998989515007,0.03284600004553795,0,1
B25,mixamorig_LeftHandRing3,24,0.9999960064888,-0.0028649999294430017,0.00025499999173916876,0,0.0028649999294430017,0.9999960064888,0,0,-0.00025499999173916876,9.999999974752427e-7,1,0,0.00006900000153109431,0.03485099971294403,0,1
B26,mixamorig_LeftHandRing4,25,1,0,0,0,0,1,0,0,0,0,1,0,-0.000028000000384054147,0.020813999697566032,0,1
B27,mixamorig_LeftHandPinky1,10,0.9667661190032959,0.03181677684187889,0.25366726517677307,0,-0.2489268034696579,0.34323716163635254,0.905549943447113,0,-0.05823907628655434,-0.9386014342308044,0.33975276350975037,0,0.051332999020814896,0.1161549985408783,0.00048099999548867345,1
B28,mixamorig_LeftHandPinky2,27,0.9907274842262268,0.1272108405828476,0.04769863188266754,0,-0.05833715572953224,0.08137675374746323,0.9946017265319824,0,0.122672438621521,-0.9881595969200134,0.08804492652416229,0,0.00004199999966658652,0.02639099955558777,0,1
B29,mixamorig_LeftHandPinky3,28,0.9999330043792725,-0.011586000211536884,-0.0008440000237897038,0,0.011586000211536884,0.9999330043792725,-0.000006000000212225132,0,0.0008440000237897038,-0.000003999999989900971,1,0,0.00006600000051548705,0.025330999866127968,0,1
B30,mixamorig_LeftHandPinky4,29,1,0,0,0,0,1,0,0,0,0,1,0,-0.00010900000052060932,0.013109000399708748,0,1
B31,mixamorig_RightShoulder,3,0.1831561177968979,-0.022125784307718277,0.9828277826309204,0,-0.8145506381988525,-0.5631359815597534,0.1391279697418213,0,0.5503899455070496,-0.8260577321052551,-0.12115175276994705,0,-0.07168799638748169,0.13829299807548523,0.0015190000412985682,1
B32,mixamorig_RightArm,31,0.9197163581848145,0.18385422229766846,-0.34308770298957825,0,0.038315966725349426,0.8333205580711365,0.5493742823600769,0,0.38774314522743225,-0.5189100503921509,0.7616211175918579,0,0,0.16490699350833893,0,1
B33,mixamorig_RightForeArm,32,0.7573965787887573,-0.6507477760314941,0.053170185536146164,0,0.6025443077087402,0.7279081344604492,0.3264773190021515,0,-0.2510504126548767,-0.21533164381980896,0.9434754848480225,0,0,0.18961499631404877,0,1
B34,mixamorig_RightHand,33,0.8646478056907654,0.30314815044403076,0.4001457989215851,0,-0.23908253014087677,0.9494639039039612,-0.20307287573814392,0,-0.4415857195854187,0.0800216943025589,0.8934224843978882,0,0,0.24814100563526154,0,1
B35,mixamorig_RightHandThumb1,34,0.7406520843505859,-0.6594176888465881,-0.12860757112503052,0,0.6530015468597412,0.6615593433380127,0.36852359771728516,0,-0.1579883098602295,-0.35691720247268677,0.9206470847129822,0,0.034095000475645065,0.02870899997651577,0.003593999892473221,1
B36,mixamorig_RightHandThumb2,35,0.7608601450920105,0.5194721221923828,0.38878971338272095,0,-0.5864964127540588,0.8069463968276978,0.06965313106775284,0,-0.2775513529777527,-0.28101596236228943,0.9186434745788574,0,-0.004732000175863504,0.0354590006172657,0,1
B37,mixamorig_RightHandThumb3,36,0.9117730259895325,-0.41065898537635803,-0.0053519997745752335,0,0.4106610119342804,0.9117879867553711,-0.000914999982342124,0,0.005255319643765688,-0.0013633196940645576,0.9999849796295166,0,0.008799999952316284,0.033904001116752625,0,1
B38,mixamorig_RightHandThumb4,37,1,0,0,0,0,1,0,0,0,0,1,0,-0.00406799977645278,0.023997999727725983,0,1
B39,mixamorig_RightHandIndex1,34,0.992877721786499,-0.11325107514858246,-0.03698212280869484,0,0.10639131814241409,0.7031463384628296,0.7028917074203491,0,-0.05359407514333725,-0.7018205523490906,0.7101873159408569,0,0.055006999522447586,0.13564300537109375,-0.0006380000268109143,1
B40,mixamorig_RightHandIndex2,39,0.9961338043212891,-0.025161948055028915,-0.08416571468114853,0,0.08775806427001953,0.3268652558326721,0.9409224987030029,0,0.0038252498488873243,-0.944671094417572,0.32781049609184265,0,0.00005500000042957254,0.029022999107837677,0,1
B41,mixamorig_RightHandIndex3,40,0.9999809861183167,-0.006134999915957451,-0.0007699999841861427,0,0.006134999915957451,0.9999809861183167,-0.0000043196591832384,0,0.0007699999841861427,0,1,0,0.00004099999932805076,0.026585999876260757,0,1
B42,mixamorig_RightHandIndex4,41,1,0,0,0,0,1,0,0,0,0,1,0,-0.00009600000339560211,0.01630299910902977,0,1
B43,mixamorig_RightHandMiddle1,34,0.9884793162345886,-0.12446745485067368,-0.08611320704221725,0,0.14301230013370514,0.5819104313850403,0.8004944920539856,0,-0.049532700330019,-0.8035873770713806,0.5930072665214539,0,0.01924699917435646,0.13537099957466125,-0.0003009999927598983,1
B44,mixamorig_RightHandMiddle2,43,0.9940147995948792,-0.023335563018918037,-0.1067211776971817,0,0.10922599583864212,0.22662286460399628,0.9677870273590088,0,0.0015939729055389762,-0.9736520051956177,0.22781598567962646,0,-0.000048000001697801054,0.03614899888634682,0,1
B45,mixamorig_RightHandMiddle3,44,1,0,0,0,0,1,-9.999999974752427e-7,0,0,9.999999974752427e-7,1,0,0.00002700000004551839,0.03359699994325638,0,1
B46,mixamorig_RightHandMiddle4,45,1,0,0,0,0,1,0,0,0,0,1,0,0.00002099999983329326,0.02283800020813942,0,1
B47,mixamorig_RightHandRing1,34,0.9803350567817688,-0.18689072132110596,-0.06334766745567322,0,0.16427849233150482,0.5951027274131775,0.7866061329841614,0,-0.10932401567697525,-0.7815431356430054,0.6141039729118347,0,-0.018782999366521835,0.13745899498462677,-0.0009260000078938901,1
B48,mixamorig_RightHandRing2,47,0.9947246313095093,-0.09466224163770676,-0.039512958377599716,0,0.04833852872252464,0.09284789860248566,0.9944561719894409,0,-0.09047553688287735,-0.9911195635795593,0.0969339907169342,0,9.999999974752427e-7,0.03074299916625023,0,1
B49,mixamorig_RightHandRing3,48,1,0,0,0,0,1,6.803373366892629e-7,0,0,-6.803373366892629e-7,1,0,0.000003000000106112566,0.028562000021338463,0,1
B50,mixamorig_RightHandRing4,49,1,0,0,0,0,1,0,0,0,0,1,0,-0.000003999999989900971,0.020065000280737877,0,1
B51,mixamorig_RightHandPinky1,34,0.9690431356430054,-0.2351960390806198,-0.07507044076919556,0,0.2124599814414978,0.6396043300628662,0.7387170791625977,0,-0.12573975324630737,-0.7317958474159241,0.669776976108551,0,-0.05547099933028221,0.12261699885129929,-0.0013920000055804849,1
B52,mixamorig_RightHandPinky2,51,0.9886401891708374,-0.14801108837127686,-0.02613910101354122,0,0.021595632657408714,-0.03219965100288391,0.999180018901825,0,-0.14873608946800232,-0.9883934259414673,-0.028637845069169998,0,-0.000004999999873689376,0.02695699967443943,0,1
B53,mixamorig_RightHandPinky3,52,1,0,0,0,0,1,0,0,0,0,1,0,-0.0000019999999949504854,0.021407000720500946,0,1
B54,mixamorig_RightHandPinky4,53,1,0,0,0,0,1,0,0,0,0,1,0,0.000007999999979801942,0.012342000380158424,0,1
B55,mixamorig_LeftUpLeg,0,-0.9962546825408936,0.006365042645484209,0.0860845223069191,0,0.04527554661035538,-0.8103324174880981,0.5840306878089905,0,0.0735459104180336,0.5857586860656738,0.8070208430290222,0,0.13255399465560913,-0.06678900122642517,0.029512999579310417,1
B56,mixamorig_LeftLeg,55,0.9914265275001526,0.12152467668056488,0.047849494963884354,0,-0.06513605266809464,0.7765280604362488,-0.620783805847168,0,-0.11292421072721481,0.6123107075691223,0.777784526348114,0,0,0.37526699900627136,0,1
B57,mixamorig_LeftFoot,56,0.9953751564025879,0.09456051141023636,0.014833862893283367,0,-0.0540001317858696,0.4245520830154419,0.9034395217895508,0,0.07909709960222244,-0.9000622034072876,0.4277048408985138,0,0,0.37245801091194153,0,1
B58,mixamorig_LeftToeBase,57,0.9622002840042114,-0.014593038707971573,0.2718612551689148,0,-0.15484066307544708,0.7919843792915344,0.5905511975288391,0,-0.22393585741519928,-0.6103620529174805,0.7597990036010742,0,0,0.19024699926376343,0,1
B59,mixamorig_LeftToe_End,58,1,0,0,0,0,1,0,0,0,0,1,0,0,0.08343099802732468,0,1
B60,mixamorig_RightUpLeg,0,-0.9777584075927734,-0.08070874959230423,-0.1930997222661972,0,0.09298863261938095,-0.9935668706893921,-0.054417602717876434,0,-0.18788084387779236,-0.07112397253513336,0.9790404438972473,0,-0.13255399465560913,-0.06678900122642517,0.03142600134015083,1
B61,mixamorig_RightLeg,60,0.9804936647415161,-0.006436108611524105,0.19617784023284912,0,0.07598162442445755,0.93402498960495,-0.3489786386489868,0,-0.18101340532302856,0.3570443391799927,0.9163344502449036,0,0,0.3753319978713989,0,1
B62,mixamorig_RightFoot,61,0.9855137467384338,-0.16636593639850616,-0.03278753161430359,0,0.0759689137339592,0.26053911447525024,0.9622631669044495,0,-0.1516013741493225,-0.9508119821548462,0.269411563873291,0,0,0.3719770014286041,0,1
B63,mixamorig_RightToeBase,62,0.9666067361831665,0.00832685548812151,-0.2560867667198181,0,0.15785977244377136,0.7679632306098938,0.6205945014953613,0,0.20181161165237427,-0.640304446220398,0.7410067319869995,0,0,0.18686999380588531,0,1
B64,mixamorig_RightToe_End,63,1,0,0,0,0,1,0,0,0,0,1,0,0,0.08380799740552902,0,1
@52,0,1,2,3,4,5,7,8,9,10,11,12,13,15,16,17,19,20,21,23,24,25,27,28,29,31,32,33,34,35,36,37,39,40,41,43,44,45,47,48,49,51,52,53,55,56,57,58,60,61,62,63
K0.000,0.9985560178756714,-0.025185000151395798,-0.04744099825620651,0,0.025995999574661255,0.9995250105857849,0.016555000096559525,0,0.047001998871564865,-0.017765000462532043,0.9987369775772095,0,0.00036100001307204366,0.9022809863090515,-0.035909999161958694,1,0.9999740123748779,0.003834000090137124,-0.006089000031352043,0,-0.0035910001024603844,0.9992160201072693,0.03942599892616272,0,0.00623599998652935,-0.039402998983860016,0.9992039799690247,0,0,0.12033999711275101,0.0043390002101659775,1,0.9998890161514282,0.008314999751746655,-0.01233300007879734,0,-0.008231000043451786,0.9999430179595947,0.006821999792009592,0,0.012388999573886395,-0.006719999946653843,0.9999009966850281,0,0,0.14048700034618378,0,1,0.9998890161514282,0.008314999751746655,-0.01233300007879734,0,-0.008231000043451786,0.9999430179595947,0.006821999792009592,0,0.012388999573886395,-0.006719999946653843,0.9999009966850281,0,0,0.16055700182914734,0,1,0.9997460246086121,-0.02078299969434738,0.00871300045400858,0,0.02108299918472767,0.999131977558136,-0.0359329991042614,0,-0.007957999594509602,0.036107998341321945,0.9993159770965576,0,0,0.1806260049343109,0,1,0.9980499744415283,0.030729999765753746,0.054322000592947006,0,-0.033250000327825546,0.9983829855918884,0.04610700160264969,0,-0.05281699821352959,-0.04782300069928169,0.9974579811096191,0,0,0.03383199870586395,-0.0001230000052601099,1,0.27904200553894043,0.008196000009775162,-0.9602439999580383,0,0.7774620056152344,-0.5888599753379822,0.2209009975194931,0,-0.5636389851570129,-0.808193027973175,-0.17068900167942047,0,0.07168799638748169,0.13829299807548523,0.001534000039100647,1,0.9734629988670349,-0.0900920033454895,0.2103630006313324,0,-0.032538000494241714,0.855417013168335,0.5169180035591125,0,-0.22651800513267517,-0.5100449919700623,0.8297849893569946,0,0,0.16490699350833893,0,1,0.8102779984474182,0.5256950259208679,-0.2590230107307434,0,-0.46332600712776184,0.8452799916267395,0.26614201068878174,0,0.35885700583457947,-0.0956370010972023,0.9284800291061401,0,0,0.1895820051431656,0,1,0.937466025352478,0.01648700051009655,-0.3476870059967041,0,-0.09567700326442719,0.9726070165634155,-0.2118539959192276,0,0.33466899394989014,0.23187099397182465,0.913362979888916,0,0,0.24831999838352203,0,1,0.8221719861030579,0.5574259757995605,0.11536599695682526,0,-0.5318359732627869,0.6799569725990295,0.5047860145568848,0,0.20293700695037842,-0.476377010345459,0.8555009961128235,0,-0.035753000527620316,0.029025999829173088,0.004929000046104193,1,0.9007520079612732,-0.4341689944267273,0.011931000277400017,0,0.4342080056667328,0.9008119702339172,-0.000737000023946166,0,-0.010427000001072884,0.00584500003606081,0.9999290108680725,0,0.0024389999452978373,0.03697099909186363,0,1,0.8720369935035706,0.48944100737571716,0.00031599999056197703,0,-0.48944100737571716,0.8720369935035706,-0.00008299999899463728,0,-0.00031599999056197703,-0.00008199999865610152,1,0,-0.007978999987244606,0.030834000557661057,0,1,0.9762529730796814,0.2147590070962906,0.028421999886631966,0,-0.1772339940071106,0.71635901927948,0.6748470067977905,0,0.12456899881362915,-0.6638590097427368,0.7374100089073181,0,-0.047304000705480576,0.10873299837112427,0.0006399999838322401,1,0.9907199740409851,0.08274299651384354,0.10782600194215775,0,-0.11823800206184387,0.1334490031003952,0.9839770197868347,0,0.0670280009508133,-0.9875950217247009,0.14199399948120117,0,-0.00002700000004551839,0.03759299963712692,0,1,1,0,0,0,0,1,0,0,0,0,1,0,0.000024000000848900527,0.0349389985203743,0,1,0.9588140249252319,0.24579299986362457,0.14234299957752228,0,-0.23789100348949432,0.4211159944534302,0.8752539753913879,0,0.15518899261951447,-0.8730670213699341,0.4622440040111542,0,-0.019946999847888947,0.13909000158309937,-0.001306000049225986,1,0.9844470024108887,0.10133399814367294,0.14351099729537964,0,-0.11861299723386765,-0.2192070037126541,0.9684420228004456,0,0.12959399819374084,-0.9704020023345947,-0.2037779986858368,0,-0.00002300000051036477,0.0331839993596077,0,1,1,0,0,0,0,1,0,0,0,0,1,0,-0.00002499999936844688,0.03209700062870979,0,1,0.9743210077285767,0.10367699712514877,0.19987499713897705,0,-0.22498400509357452,0.41275399923324585,0.8826190233230591,0,0.009007999673485756,-0.9049230217933655,0.42548099160194397,0,0.015917999669909477,0.12348099797964096,0.0021510000806301832,1,0.9890909790992737,0.0971129983663559,0.11076600104570389,0,-0.08154900372028351,-0.2652220129966736,0.9607329964637756,0,0.12267699837684631,-0.9592840075492859,-0.25440898537635803,0,-0.000039999998989515007,0.03284600004553795,0,1,0.9999960064888,-0.0028649999294430017,0.00025499999173916876,0,0.0028649999294430017,0.9999960064888,0,0,-0.00025499999173916876,0,1,0,0.00006900000153109431,0.03485099971294403,0,1,0.9641969799995422,0.022440999746322632,0.2642369866371155,0,-0.2613289952278137,0.24978899955749512,0.9323689937591553,0,-0.045079998672008514,-0.9680399894714355,0.24671000242233276,0,0.051332999020814896,0.1161549985408783,0.00048099999548867345,1,0.9904369711875916,0.12638500332832336,0.05532599985599518,0,-0.04178699851036072,-0.10737399756908417,0.993340015411377,0,0.1314840018749237,-0.9861530065536499,-0.10106600075960159,0,0.00004199999966658652,0.02639099955558777,0,1,0.9999330043792725,-0.011586000211536884,-0.0008440000237897038,0,0.011586000211536884,0.9999330043792725,-0.000006000000212225132,0,0.0008440000237897038,-0.000003999999989900971,1,0,0.00006600000051548705,0.025330999866127968,0,1,0.15416200459003448,-0.022057000547647476,0.9877989888191223,0,-0.7866050004959106,-0.607725977897644,0.10919199883937836,0,0.5979019999504089,-0.7938410043716431,-0.11103799939155579,0,-0.07168799638748169,0.13829299807548523,0.0015190000412985682,1,0.9210789799690247,0.34256699681282043,-0.1851000040769577,0,-0.17282499372959137,0.7856590151786804,0.5940300226211548,0,0.348921000957489,-0.515159010887146,0.7828570008277893,0,0,0.16490699350833893,0,1,0.8942729830741882,-0.40953800082206726,0.18042899668216705,0,0.35047298669815063,0.8916100263595581,0.28670400381088257,0,-0.27828899025917053,-0.19315600395202637,0.9408749938011169,0,0,0.18961499631404877,0,1,0.910332977771759,0.07855699956417084,0.4063529968261719,0,-0.020695999264717102,0.9892330169677734,-0.14487600326538086,0,-0.41335898637771606,0.12347500026226044,0.9021580219268799,0,0,0.24814100563526154,0,1,0.7709619998931885,-0.6285889744758606,-0.10243800282478333,0,0.6228820085525513,0.710660994052887,0.3270759880542755,0,-0.1327970027923584,-0.3159700036048889,0.9394299983978271,0,0.034095000475645065,0.02870899997651577,0.003593999892473221,1,0.7390980124473572,0.5243430137634277,0.4228459894657135,0,-0.6045849919319153,0.7931690216064453,0.07320600003004074,0,-0.29700401425361633,-0.3097530007362366,0.9032400250434875,0,-0.004732000175863504,0.0354590006172657,0,1,0.9117730259895325,-0.4106599986553192,-0.0053519997745752335,0,0.4106610119342804,0.9117879867553711,-0.000914999982342124,0,0.0052559999749064445,-0.0013630000175908208,0.9999849796295166,0,0.008799999952316284,0.033904001116752625,0,1,0.9930959939956665,-0.11221300065517426,-0.03417399898171425,0,0.10819599777460098,0.7637320160865784,0.6364009976387024,0,-0.04531300067901611,-0.6357049942016602,0.7706009745597839,0,0.055006999522447586,0.13564300537109375,-0.0006380000268109143,1,0.9966539740562439,-0.023017000406980515,-0.07843399792909622,0,0.08119899779558182,0.3891409933567047,0.9175930023193359,0,0.009402000345289707,-0.9208909869194031,0.3897069990634918,0,0.00005500000042957254,0.029022999107837677,0,1,0.9999809861183167,-0.006134999915957451,-0.0007699999841861427,0,0.006134999915957451,0.9999809861183167,-0.000003999999989900971,0,0.0007699999841861427,0,1,0,0.00004099999932805076,0.026585999876260757,0,1,0.989329993724823,-0.12106099724769592,-0.08105900138616562,0,0.14034700393676758,0.6425769925117493,0.7532579898834229,0,-0.039103999733924866,-0.7565969824790955,0.6527109742164612,0,0.01924699917435646,0.13537099957466125,-0.0003009999927598983,1,0.9945610165596008,-0.021956000477075577,-0.1018190011382103,0,0.1038220003247261,0.28763601183891296,0.9520959854125977,0,0.008383000269532204,-0.9574880003929138,0.28835099935531616,0,-0.000048000001697801054,0.03614899888634682,0,1,1,0,0,0,0,1,0,0,0,0,1,0,0.00002700000004551839,0.03359699994325638,0,1,0.9817720055580139,-0.18111500144004822,-0.05762600153684616,0,0.16348999738693237,0.6501389741897583,0.7420169711112976,0,-0.09692499786615372,-0.7379130125045776,0.6678990125656128,0,-0.018782999366521835,0.13745899498462677,-0.0009260000078938901,1,0.9949820041656494,-0.09379000216722488,-0.034853000193834305,0,0.04968300089240074,0.16075800359249115,0.98574298620224,0,-0.08685000240802765,-0.9825279712677002,0.16461099684238434,0,0,0.03074299916625023,0,1,1,0,0,0,0,1,0,0,0,0,1,0,0.000003000000106112566,0.028562000021338463,0,1,0.9712589979171753,-0.2276020050048828,-0.06965900212526321,0,0.2106350064277649,0.6855760216712952,0.6968629956245422,0,-0.1108509972691536,-0.6915069818496704,0.7138140201568604,0,-0.05547099933028221,0.12261699885129929,-0.0013920000055804849,1,0.9888259768486023,-0.1472409963607788,-0.023305000737309456,0,0.030122999101877213,0.04424700140953064,0.9985659718513489,0,-0.1459989994764328,-0.9881100058555603,0.04818800091743469,0,-0.000004999999873689376,0.02695699967443943,0,1,1,0,0,0,0,1,0,0,0,0,1,0,-0.0000019999999949504854,0.021407000720500946,0,1,-0.9922699928283691,-0.018401000648736954,0.12272799760103226,0,0.07121700048446655,-0.8943250179290771,0.44171300530433655,0,0.10163100063800812,0.4470379948616028,0.8887230157852173,0,0.13255399465560913,-0.06678900122642517,0.029512999579310417,1,0.9967679977416992,0.05422100052237511,-0.05927399918437004,0,-0.07439099997282028,0.3445340096950531,-0.9358220100402832,0,-0.030319999903440475,0.9372069835662842,0.3474540114402771,0,0,0.37526699900627136,0,1,0.999176025390625,0.04004799947142601,0.006634999997913837,0,-0.023986000567674637,0.4505839943885803,0.892412006855011,0,0.032749999314546585,-0.8918359875679016,0.45117300748825073,0,0,0.37245801091194153,0,1,0.973363995552063,-0.040181998163461685,0.2257169932126999,0,-0.10434500128030777,0.799003005027771,0.5922049880027771,0,-0.20414400100708008,-0.5999829769134521,0.773527979850769,0,0,0.19024699926376343,0,1,-0.9837539792060852,-0.12454400211572647,-0.12929299473762512,0,0.09601400047540665,-0.973563015460968,0.20726099610328674,0,-0.15168799459934235,0.19147999584674835,0.9697039723396301,0,-0.13255399465560913,-0.06678900122642517,0.03142600134015083,1,0.9882789850234985,-0.04510999843478203,0.14583800733089447,0,0.09721100330352783,0.9225670099258423,-0.3733910024166107,0,-0.11770199984312057,0.38319098949432373,0.9161390066146851,0,0,0.3753319978713989,0,1,0.9895619750022888,-0.1425430029630661,-0.021199999377131462,0,0.0733800008893013,0.3717910051345825,0.9254119992256165,0,-0.1240290030837059,-0.91730797290802,0.3783699870109558,0,0,0.3719770014286041,0,1,0.9682499766349792,0.009243999607861042,-0.24981099367141724,0,0.14760200679302216,0.7853819727897644,0.601157009601593,0,0.20175400376319885,-0.6189429759979248,0.759082019329071,0,0,0.18686999380588531,0,1
K0.033,0.9993680119514465,-0.02599104680120945,-0.02426280453801155,0,0.026411043480038643,0.999504029750824,0.01717098243534565,0,0.0238048043102026,-0.01780097745358944,0.9995579719543457,0,0.0001490009599365294,0.9074079990386963,0.02025155909359455,1,0.9999309778213501,0.0012119878083467484,-0.01168104913085699,0,-0.0007469854899682105,0.9992089867591858,0.039759017527103424,0,0.011720048263669014,-0.03974701836705208,0.9991409778594971,0,0,0.12033999711275101,0.0043390002101659775,1,0.9997230172157288,0.0019399647135287523,-0.023442097008228302,0,-0.0017649627989158034,0.9999709725379944,0.007468038238584995,0,0.023456096649169922,-0.007425039075314999,0.9996970295906067,0,0,0.14048700034618378,0,1,0.9997230172157288,0.0019399647135287523,-0.023442097008228302,0,-0.0017649627989158034,0.9999709725379944,0.007468038238584995,0,0.023456096649169922,-0.007425039075314999,0.9996970295906067,0,0,0.16055700182914734,0,1,0.999908983707428,-0.00780582707375288,0.010988036170601845,0,0.008094828575849533,0.9996150135993958,-0.02655499055981636,0,-0.01077704131603241,0.02664198912680149,0.9995869994163513,0,0,0.1806260049343109,0,1,0.9983130097389221,0.02499488554894924,0.05239895358681679,0,-0.027045883238315582,0.9988800287246704,0.03881297633051872,0,-0.051369957625865936,-0.040164969861507416,0.997871994972229,0,0,0.03383199870586395,-0.0001230000052601099,1,0.25805792212486267,0.013642014004290104,-0.9660329818725586,0,0.7902179956436157,-0.5782520174980164,0.202926903963089,0,-0.5558430552482605,-0.8157439827919006,-0.16000297665596008,0,0.07168799638748169,0.13829299807548523,0.001534000039100647,1,0.968144953250885,-0.16934670507907867,0.18443548679351807,0,0.03693582862615585,0.8251268267631531,0.5637381076812744,0,-0.24764998257160187,-0.538968026638031,0.8050979971885681,0,0,0.16490699350833893,0,1,0.8271589279174805,0.5031540989875793,-0.25028908252716064,0,-0.4497610926628113,0.8597479462623596,0.24196800589561462,0,0.33693209290504456,-0.08757491409778595,0.9374470114707947,0,0,0.1895820051431656,0,1,0.9230000376701355,0.0312589630484581,-0.3835268020629883,0,-0.11278391629457474,0.9748989939689636,-0.19196802377700806,0,0.3678998351097107,0.2204429805278778,0.9033580422401428,0,0,0.24831999838352203,0,1,0.8221719861030579,0.5574259757995605,0.11536599695682526,0,-0.5318359732627869,0.6799569725990295,0.5047860145568848,0,0.20293700695037842,-0.476377010345459,0.8555009961128235,0,-0.035753000527620316,0.029025999829173088,0.004929000046104193,1,0.9007520079612732,-0.4341689944267273,0.011931000277400017,0,0.4342080056667328,0.9008119702339172,-0.0007379999733529985,0,-0.010427000001072884,0.00584500003606081,0.9999290108680725,0,0.0024389999452978373,0.03697099909186363,0,1,0.8720359802246094,0.48944100737571716,0.00031599999056197703,0,-0.48944100737571716,0.8720359802246094,-0.00008200000593205914,0,-0.00031599999056197703,-0.00008299999171867967,1,0,-0.007978999987244606,0.030834000557661057,0,1,0.9757649898529053,0.21711701154708862,0.02725098468363285,0,-0.1815430372953415,0.7337071895599365,0.6547637581825256,0,0.1221659705042839,-0.6438427567481995,0.7553421854972839,0,-0.047304000705480576,0.10873299837112427,0.0006399999838322401,1,0.991536021232605,0.08162498474121094,0.1009669229388237,0,-0.11466095596551895,0.18570657074451447,0.9758918881416321,0,0.060907937586307526,-0.9792088866233826,0.1934935599565506,0,-0.00002700000004551839,0.03759299963712692,0,1,1,0,0,0,0,1,0,0,0,0,1,0,0.000024000000848900527,0.0349389985203743,0,1,0.9584370255470276,0.2482910305261612,0.14053496718406677,0,-0.24155405163764954,0.44406527280807495,0.8628198504447937,0,0.151823952794075,-0.86090487241745,0.4855842590332031,0,-0.019946999847888947,0.13909000158309937,-0.001306000049225986,1,0.9851899743080139,0.10254200547933578,0.13742493093013763,0,-0.11911600083112717,-0.1672104150056839,0.9786990880966187,0,0.12333693355321884,-0.9805740714073181,-0.15251943469047546,0,-0.00002300000051036477,0.0331839993596077,0,1,1,0,0,0,0,1,0,0,0,0,1,0,-0.00002499999936844688,0.03209700062870979,0,1,0.9745870232582092,0.10629602521657944,0.19718396663665771,0,-0.22391298413276672,0.436421275138855,0.8714358806610107,0,0.006574967876076698,-0.8934418559074402,0.4491312801837921,0,0.015917999669909477,0.12348099797964096,0.0021510000806301832,1,0.9894499778747559,0.09835001081228256,0.10637794435024261,0,-0.08339501172304153,-0.21377043426036835,0.9733180999755859,0,0.11846695840358734,-0.9719201326370239,-0.20331242680549622,0,-0.000039999998989515007,0.03284600004553795,0,1,0.9999960064888,-0.0028649999294430017,0.00025499999173916876,0,0.0028649999294430017,0.9999960064888,0,0,-0.00025499999173916876,0,1,0,0.00006900000153109431,0.03485099971294403,0,1,0.9648470282554626,0.02539902739226818,0.2615809738636017,0,-0.25831297039985657,0.27500128746032715,0.9260929226875305,0,-0.04841304197907448,-0.9611079692840576,0.27189528942108154,0,0.051332999020814896,0.1161549985408783,0.00048099999548867345,1,0.9905040264129639,0.12676399946212769,0.053213976323604584,0,-0.0465780533850193,-0.054749418050050735,0.9974129796028137,0,0.1293499767780304,-0.9904209971427917,-0.048325419425964355,0,0.00004199999966658652,0.02639099955558777,0,1,0.9999330043792725,-0.011586000211536884,-0.0008440000237897038,0,0.011586000211536884,0.9999330043792725,-0.000006000000212225132,0,0.0008449999731965363,-0.000003999999989900971,1,0,0.00006600000051548705,0.025330999866127968,0,1,0.16679206490516663,-0.020889006555080414,0.9857710003852844,0,-0.7931491136550903,-0.5967738032341003,0.12155507504940033,0,0.5857438445091248,-0.8021371364593506,-0.11610502004623413,0,-0.07168799638748169,0.13829299807548523,0.0015190000412985682,1,0.8999890685081482,0.3632064163684845,-0.2410394847393036,0,-0.15799424052238464,0.7871481776237488,0.5961838960647583,0,0.4062720537185669,-0.49847710132598877,0.765809953212738,0,0,0.16490699350833893,0,1,0.8239405751228333,-0.5559266805648804,0.10984963178634644,0,0.4973696172237396,0.8023484349250793,0.32994017004966736,0,-0.27156001329421997,-0.2172151505947113,0.9375889301300049,0,0,0.18961499631404877,0,1,0.8750848770141602,0.1816527247428894,0.44858384132385254,0,-0.1261197179555893,0.9804548025131226,-0.1510002166032791,0,-0.467246949672699,0.07556288689374924,0.8808920383453369,0,0,0.24814100563526154,0,1,0.7640548944473267,-0.6358070969581604,-0.10940508544445038,0,0.6299940943717957,0.6987548470497131,0.3388931155204773,0,-0.13902407884597778,-0.3278581202030182,0.9344419240951538,0,0.034095000475645065,0.02870899997651577,0.003593999892473221,1,0.7469290494918823,0.5252869129180908,0.4076399505138397,0,-0.6002398729324341,0.7964310646057129,0.07354895770549774,0,-0.28602299094200134,-0.29961690306663513,0.9101759791374207,0,-0.004732000175863504,0.0354590006172657,0,1,0.9117730259895325,-0.41065898537635803,-0.0053519997745752335,0,0.4106610119342804,0.9117879867553711,-0.000914999982342124,0,0.0052559999749064445,-0.0013630000175908208,0.9999849796295166,0,0.008799999952316284,0.033904001116752625,0,1,0.9929800033569336,-0.11284800618886948,-0.0354510098695755,0,0.10802300274372101,0.7430328130722046,0.6604802012443542,0,-0.04819302633404732,-0.659672200679779,0.7500067949295044,0,0.055006999522447586,0.13564300537109375,-0.0006380000268109143,1,0.9965199828147888,-0.023607008159160614,-0.0799420177936554,0,0.08298902213573456,0.3708028197288513,0.9249960780143738,0,0.007805983070284128,-0.928411066532135,0.3714718222618103,0,0.00005500000042957254,0.029022999107837677,0,1,0.9999809861183167,-0.006134999915957451,-0.0007699999841861427,0,0.006134999915957451,0.9999809861183167,-0.000003999999989900971,0,0.0007699999841861427,0,1,0,0.00004099999932805076,0.026585999876260757,0,1,0.9889310002326965,-0.12279500812292099,-0.0832890123128891,0,0.14212800562381744,0.6227618455886841,0.7693940997123718,0,-0.04260803014039993,-0.7727161049842834,0.6333208084106445,0,0.01924699917435646,0.13537099957466125,-0.0003009999927598983,1,0.9944090247154236,-0.022364003583788872,-0.10319901257753372,0,0.10539501160383224,0.2702128291130066,0.9570140838623047,0,0.006482979282736778,-0.9625410437583923,0.2710588276386261,0,-0.000048000001697801054,0.03614899888634682,0,1,1,0,0,0,0,1,0,0,0,0,1,0,0.00002700000004551839,0.03359699994325638,0,1,0.9812679886817932,-0.18315401673316956,-0.059733014553785324,0,0.1642259955406189,0.6331738233566284,0.7563871145248413,0,-0.10071403533220291,-0.7520281076431274,0.6513918042182922,0,-0.018782999366521835,0.13745899498462677,-0.0009260000078938901,1,0.9948940277099609,-0.09416799992322922,-0.03632201626896858,0,0.04934299737215042,0.1398697942495346,0.9889400005340576,0,-0.08804601430892944,-0.9856820106506348,0.14380279183387756,0,0,0.03074299916625023,0,1,1,0,0,0,0,1,0,0,0,0,1,0,0.000003000000106112566,0.028562000021338463,0,1,0.9704179763793945,-0.23039501905441284,-0.07215601205825806,0,0.21203799545764923,0.6704108715057373,0.7110481262207031,0,-0.1154470443725586,-0.7053140997886658,0.6994308829307556,0,-0.05547099933028221,0.12261699885129929,-0.0013920000055804849,1,0.9887589812278748,-0.14755499362945557,-0.0241400096565485,0,0.027602972462773323,0.021463753655552864,0.9993889927864075,0,-0.1469470113515854,-0.9888210296630859,0.02529575489461422,0,-0.000004999999873689376,0.02695699967443943,0,1,1,0,0,0,0,1,0,0,0,0,1,0,-0.0000019999999949504854,0.021407000720500946,0,1,-0.9931139945983887,-0.0043249488808214664,0.11706984043121338,0,0.0636129155755043,-0.8590677380561829,0.507893443107605,0,0.09837387502193451,0.5118434429168701,0.8534277677536011,0,0.13255399465560913,-0.06678900122642517,0.029512999579310417,1,0.9960449934005737,0.08504830300807953,-0.02571958862245083,0,-0.06214096024632454,0.4598904550075531,-0.8857991099357605,0,-0.06350737810134888,0.8838930726051331,0.4633564352989197,0,0,0.37526699900627136,0,1,0.9986799955368042,0.05017014965415001,0.010965035296976566,0,-0.031232085078954697,0.4238598346710205,0.905189037322998,0,0.04076613113284111,-0.9043370485305786,0.42486682534217834,0,0,0.37245801091194153,0,1,0.9701107740402222,-0.020553812384605408,0.24179184436798096,0,-0.12982070446014404,0.797869861125946,0.5886859893798828,0,-0.2050185203552246,-0.6024801731109619,0.7713527083396912,0,0,0.19024699926376343,0,1,-0.9815629720687866,-0.11995690315961838,-0.1488121896982193,0,0.10175101459026337,-0.9869930744171143,0.12446224689483643,0,-0.1618061065673828,0.10702524334192276,0.9810020327568054,0,-0.13255399465560913,-0.06678900122642517,0.03142600134015083,1,0.9863240122795105,-0.04217188432812691,0.1593291461467743,0,0.09619294106960297,0.9322779774665833,-0.3487189710140228,0,-0.1338321715593338,0.3592759668827057,0.9235849976539612,0,0,0.3753319978713989,0,1,0.9886080026626587,-0.14893107116222382,-0.021774036809802055,0,0.0735430121421814,0.3517426550388336,0.9332031011581421,0,-0.13132408261299133,-0.9241741299629211,0.3586876690387726,0,0,0.3719770014286041,0,1,0.9686570167541504,0.00831599161028862,-0.24826301634311676,0,0.14838701486587524,0.7821459770202637,0.6051679849624634,0,0.1992110013961792,-0.6230390071868896,0.756397008895874,0,0,0.18686999380588531,0,1
