1.033,30,30,41
B0,mixamorig_Hips,-1,0.9952181577682495,-0.033456020057201385,-0.08895502239465714,0,0.035888634622097015,0.9990264177322388,0.024634962901473045,0,0.08801726251840591,-0.027827415615320206,0.9954783916473389,0,0.23597511649131775,58.750099182128906,82.58557891845703,1
B1,mixamorig_Spine,0,0.9999136328697205,0.009443518705666065,0.0056686014868319035,0,-0.009265538305044174,0.9995120167732239,-0.02962397038936615,0,-0.005948659498244524,0.02954835072159767,0.9995254278182983,0,0,9.87615966796875,-0.30827200412750244,1
B2,mixamorig_Spine1,1,0.9996340870857239,0.019677789881825447,0.012301173061132431,0,-0.019693192094564438,0.9997835159301758,0.003058965550735593,0,-0.012247991748154163,-0.0033718892373144627,0.9998368620872498,0,0,11.52779769897461,0,1
B3,mixamorig_Spine2,2,0.9996340870857239,0.019677789881825447,0.012301173061132431,0,-0.019693192094564438,0.9997835159301758,0.003058965550735593,0,-0.012247991748154163,-0.0033718892373144627,0.9998368620872498,0,0,13.174641609191895,0,1
B4,mixamorig_Neck,3,0.9998922348022461,-0.013606092892587185,0.0029804552905261517,0,0.013551856391131878,0.9997923970222473,0.008153901435434818,0,-0.0031394262332469225,-0.00810216087847948,0.9998851418495178,0,0,14.821446418762207,0,1
B5,mixamorig_Head,4,0.9987154603004456,0.0328233540058136,0.03755871579051018,0,-0.03464660793542862,0.9981781244277954,0.04935687035322189,0,-0.03586916998028755,-0.05058882758021355,0.9980335235595703,0,0,9.175865173339844,0.7520970106124878,1
B6,mixamorig_HeadTop_End,5,1,0,0,0,0,1,0,0,0,0,1,0,0,63.37635803222656,5.194623947143555,1
B7,mixamorig_LeftShoulder,3,0.2735786736011505,0.00411664554849267,-0.9617477655410767,0,0.8443043828010559,-0.4798811376094818,0.23811493813991547,0,-0.46057766675949097,-0.8773189783096313,-0.13477687537670135,0,9.074111938476562,13.126547813415527,0.0346359983086586,1
B8,mixamorig_LeftArm,7,0.9888246059417725,-0.01042634155601263,0.13723178207874298,0,-0.074402816593647,0.8001900911331177,0.5925572514533997,0,-0.11749172955751419,-0.5965609550476074,0.7931526899337769,0,0,18.956823348999023,0,1
B9,mixamorig_LeftForeArm,8,0.7994135618209839,0.5498325228691101,-0.24158641695976257,0,-0.4902689456939697,0.8297839760780334,0.26618579030036926,0,0.3469184637069702,-0.0944465920329094,0.9331148266792297,0,0,23.230398178100586,0,1
B10,mixamorig_LeftHand,9,0.8796234130859375,0.09904923290014267,-0.46316593885421753,0,-0.22679966688156128,0.9457818269729614,-0.23062889277935028,0,0.41552332043647766,0.30866554379463196,0.8542844653129578,0,0,24.571369171142578,0,1
B11,mixamorig_LeftHandThumb1,10,0.9190940260887146,0.3803490102291107,0.10295899957418442,0,-0.3835650086402893,0.803741991519928,0.45483699440956116,0,0.09024500101804733,-0.4575290083885193,0.8846030235290527,0,-5.492734909057617,6.393434047698975,-0.000003999999989900971,1
B12,mixamorig_LeftHandThumb2,11,0.9966170191764832,-0.08060821890830994,0.01604600064456463,0,0.080376997590065,0.9966580271720886,0.014573000371456146,0,-0.017167000100016594,-0.013233781792223454,0.9997649788856506,0,-0.5932949781417847,6.716958999633789,0,1
B13,mixamorig_LeftHandThumb3,12,0.9692980051040649,0.2451159954071045,0.01948421820998192,0,-0.2450830042362213,0.9694929718971252,-0.004126000218093395,0,-0.019901217892766,-0.000775999971665442,0.9998019933700562,0,-0.2632110118865967,6.747581958770752,0,1
B14,mixamorig_LeftHandThumb4,13,1,0,0,0,0,1,0,0,0,0,1,0,0.8565070033073425,4.044951915740967,0,1
B15,mixamorig_LeftHandIndex1,10,0.9795652627944946,0.19528602063655853,0.04808897525072098,0,-0.17947521805763245,0.7408003211021423,0.6472241878509521,0,0.09077652543783188,-0.6426288485527039,0.7607110142707825,0,0,14.195812225341797,0.10005299746990204,1
B16,mixamorig_LeftHandIndex2,15,0.8914824724197388,0.2995201051235199,0.33988848328590393,0,-0.39094996452331543,0.12964241206645966,0.911119818687439,0,0.22889837622642517,-0.9451289772987366,0.23269371688365936,0,-0.2012220025062561,8.675531387329102,0,1
B17,mixamorig_LeftHandIndex3,16,0.9908419847488403,-0.13471800088882446,-0.00915578193962574,0,0.13471899926662445,0.990884006023407,-0.0004980000085197389,0,0.009139000438153744,-0.0007399999885819852,0.9999579787254333,0,0.4246549904346466,5.24730920791626,0,1
B18,mixamorig_LeftHandIndex4,17,1,0,0,0,0,1,0,0,0,0,1,0,-0.2234330028295517,4.104659080505371,0,1
B19,mixamorig_RightShoulder,3,0.0840354934334755,-0.033690277487039566,0.9958301782608032,0,-0.8525159955024719,-0.5194428563117981,0.05444709584116936,0,0.5154738426208496,-0.8536571860313416,-0.07219408452510834,0,-9.074111938476562,13.132007598876953,-0.14027400314807892,1
B20,mixamorig_RightArm,19,0.9211386442184448,0.3702118396759033,0.09261880069971085,0,-0.3301689028739929,0.651766836643219,0.6796742081642151,0,0.19277815520763397,-0.6612306833267212,0.7238503694534302,0,0,18.956823348999023,0,1
B21,mixamorig_RightForeArm,20,0.8605706095695496,-0.43424123525619507,0.26206883788108826,0,0.3909977972507477,0.8957062363624573,0.20753887295722961,0,-0.32454097270965576,-0.07599326968193054,0.9407654404640198,0,0,23.244060516357422,0,1
B22,mixamorig_RightHand,21,0.8499018549919128,-0.014083934016525745,0.5249496102333069,0,0.05930844694375992,0.9954074025154114,-0.06686775386333466,0,-0.5212913751602173,0.08855728060007095,0.8471971154212952,0,0,24.567493438720703,0,1
B23,mixamorig_RightHandThumb1,22,0.911230206489563,-0.3978031575679779,-0.10615841299295425,0,0.41140756011009216,0.8694819211959839,0.27306607365608215,0,-0.016407392919063568,-0.292534738779068,0.9560889005661011,0,5.410531997680664,6.953965187072754,0,1
B24,mixamorig_RightHandThumb2,23,0.9175031781196594,0.09514277428388596,0.3860352039337158,0,-0.19778390228748322,0.951312243938446,0.23568396270275116,0,-0.3447122871875763,-0.2925924062728882,0.8918128609657288,0,0.576649010181427,7.025074005126953,0,1
B25,mixamorig_RightHandThumb3,24,0.9895899891853333,-0.1430860012769699,-0.015448000282049179,0,0.14306899905204773,0.9897099733352661,-0.002230999991297722,0,0.015607999637722969,-0.000003000000106112566,0.9998779892921448,0,0.0009820000268518925,6.555523872375488,0,1
B26,mixamorig_RightHandThumb4,25,1,0,0,0,0,1,0,0,0,0,1,0,-0.5776309967041016,3.999527931213379,0,1
B27,mixamorig_RightHandIndex1,22,0.9886132478713989,-0.1197611540555954,-0.09108071774244308,0,0.15040265023708344,0.7702711820602417,0.6196725964546204,0,-0.004075069446116686,-0.6263177394866943,0.7795180678367615,0,0,13.79148006439209,0.18134300410747528,1
B28,mixamorig_RightHandIndex2,27,0.9655042886734009,-0.19284741580486298,-0.1749463528394699,0,0.24150754511356354,0.4122147560119629,0.8784624338150024,0,-0.09731040149927139,-0.8904110193252563,0.4445750415325165,0,-0.10770300030708313,8.831100463867188,0,1
B29,mixamorig_RightHandIndex3,28,0.998786985874176,-0.04920399934053421,0.0020630001090466976,0,0.04920399934053421,0.9987890124320984,0.00003600000127335079,0,-0.0020620001014322042,0.00006521803152281791,0.9999979734420776,0,0.17510299384593964,5.5391998291015625,0,1
B30,mixamorig_RightHandIndex4,29,1,0,0,0,0,1,0,0,0,0,1,0,-0.0674000009894371,3.8241379261016846,0,1
B31,mixamorig_LeftUpLeg,0,-0.9794296026229858,-0.12309644371271133,0.15931934118270874,0,0.16350138187408447,-0.9453542828559875,0.27098187804222107,0,0.1181277334690094,0.29151806235313416,0.9460371732711792,0,9.560393333435059,-5.4748921394348145,0.49731001257896423,1
B32,mixamorig_LeftLeg,31,0.9951604604721069,-0.09575245529413223,-0.008966050110757351,0,0.01931500993669033,0.2944999933242798,-0.9549468755722046,0,0.09371976554393768,0.9504254460334778,0.2947900593280792,0,0,24.749359130859375,0,1
B33,mixamorig_LeftFoot,32,0.9472028017044067,0.28048911690711975,-0.12848395109176636,0,-0.13257832825183868,0.7283927798271179,0.6636955738067627,0,0.27542543411254883,-0.6119682788848877,0.7321309447288513,0,0,21.224716186523438,0,1
B34,mixamorig_LeftToeBase,33,0.8661853671073914,-0.07946331799030304,0.48836177587509155,0,-0.3263745605945587,0.6506195664405823,0.6850380301475525,0,-0.37194597721099854,-0.7546579241752625,0.5367707014083862,0,0,12.081388473510742,0,1
B35,mixamorig_LeftToe_End,34,1,0,0,0,0,1,0,0,0,0,1,0,0,5.243810176849365,0,1
B36,mixamorig_RightUpLeg,0,-0.9888980388641357,-0.05023280158638954,-0.13945066928863525,0,-0.003246891312301159,-0.9275900721549988,0.36037173867225647,0,-0.14838503301143646,0.3568495213985443,0.9170663356781006,0,-9.560393333435059,-5.4748921394348145,0.38186201453208923,1
B37,mixamorig_RightLeg,36,0.9906441569328308,0.12211965024471283,0.04948031157255173,0,-0.08603810518980026,0.8736725449562073,-0.47524261474609375,0,-0.10157108306884766,0.4666673243045807,0.8759301900863647,0,0,24.749671936035156,0,1
B38,mixamorig_RightFoot,37,0.9687987565994263,-0.22005943953990936,0.11313004046678543,0,0.049713779240846634,0.6214108467102051,0.7812575101852417,0,-0.24261216819286346,-0.7512407898902893,0.6130844354629517,0,0,21.208032608032227,0,1
B39,mixamorig_RightToeBase,38,0.89323490858078,0.025816679000854492,-0.4488478899002075,0,0.3382638096809387,0.6190488934516907,0.7087705135345459,0,0.2961571216583252,-0.7849271893501282,0.5442235469818115,0,0,12.051568031311035,0,1
B40,mixamorig_RightToe_End,39,1,0,0,0,0,1,0,0,0,0,1,0,0,4.846350193023682,0,1
@34,0,1,2,3,4,5,7,8,9,10,11,12,13,15,16,17,19,20,21,22,23,24,25,27,28,29,31,32,33,34,36,37,38,39
K0.000,0.9985830187797546,-0.02426699921488762,-0.0473640002310276,0,0.02507700026035309,0.9995480179786682,0.016586000099778175,0,0.046939998865127563,-0.017750000581145287,0.998740017414093,0,0.09742199629545212,59.809730529785156,-0.7215510010719299,1,0.9999769926071167,0.0029140000697225332,-0.006151000037789345,0,-0.003083999967202544,0.9996089935302734,-0.02779100090265274,0,0.006068000104278326,0.027809999883174896,0.9995949864387512,0,0,9.87615966796875,-0.30827200412750244,1,0.9998890161514282,0.00912499986588955,-0.011746999807655811,0,-0.009045000188052654,0.9999359846115112,0.006825000047683716,0,0.011807999573647976,-0.006717999931424856,0.9999079704284668,0,0,11.52779769897461,0,1,0.9998890161514282,0.00912499986588955,-0.011746999807655811,0,-0.009045000188052654,0.9999359846115112,0.006825000047683716,0,0.011807999573647976,-0.006717999931424856,0.9999079704284668,0,0,13.174641609191895,0,1,0.9997460246086121,-0.021321000531315804,0.007296999916434288,0,0.02108299918472767,0.999288022518158,0.03128400072455406,0,-0.007957999594509602,-0.031122000887989998,0.9994840025901794,0,0,14.821446418762207,0,1,0.9980499744415283,0.030729999765753746,0.054322000592947006,0,-0.033250000327825546,0.9983829855918884,0.04610700160264969,0,-0.05281699821352959,-0.04782300069928169,0.9974579811096191,0,0,9.175865173339844,0.7520970106124878,1,0.24969400465488434,0.009523999877274036,-0.9682779908180237,0,0.8511559963226318,-0.4789600074291229,0.21478000283241272,0,-0.4617210030555725,-0.8777850270271301,-0.12770000100135803,0,9.074111938476562,13.126547813415527,0.0346359983086586,1,0.985925018787384,-0.11738499999046326,0.11904700100421906,0,0.014671999961137772,0.7700589895248413,0.6378039717674255,0,-0.16654199361801147,-0.6270800232887268,0.7609429955482483,0,0,18.956823348999023,0,1,0.8103960156440735,0.5262709856033325,-0.25748100876808167,0,-0.4656830132007599,0.8452799916267395,0.26199600100517273,0,0.3555249869823456,-0.09241600334644318,0.9300869703292847,0,0,23.230398178100586,0,1,0.8382130265235901,0.1056710034608841,-0.5350069999694824,0,-0.23300699889659882,0.9563869833946228,-0.1761610060930252,0,0.4930579960346222,0.2723200023174286,0.8262779712677002,0,0,24.571369171142578,0,1,0.9190940260887146,0.3803490102291107,0.10295899957418442,0,-0.3835650086402893,0.803741991519928,0.45483699440956116,0,0.09024500101804733,-0.4575290083885193,0.8846030235290527,0,-5.492734909057617,6.393434047698975,-0.000003999999989900971,1,0.9966170191764832,-0.08060900121927261,0.01604600064456463,0,0.080376997590065,0.9966580271720886,0.014573000371456146,0,-0.017167000100016594,-0.013233000412583351,0.9997649788856506,0,-0.5932949781417847,6.716958999633789,0,1,0.9692980051040649,0.2451159954071045,0.019485000520944595,0,-0.2450830042362213,0.9694929718971252,-0.004126000218093395,0,-0.019902000203728676,-0.000775999971665442,0.9998019933700562,0,-0.2632110118865967,6.747581958770752,0,1,0.9795770049095154,0.1944359987974167,0.05121299996972084,0,-0.17910300195217133,0.7280290126800537,0.6617370247840881,0,0.0913809984922409,-0.6573950052261353,0.7479850053787231,0,0,14.195812225341797,0.10005299746990204,1,0.8885430097579956,0.29857000708580017,0.3483479917049408,0,-0.39269301295280457,0.1023159995675087,0.9139599800109863,0,0.23723900318145752,-0.9488880038261414,0.20815899968147278,0,-0.2012220025062561,8.675531387329102,0,1,0.9908419847488403,-0.13471800088882446,-0.009154999628663063,0,0.13471899926662445,0.990884006023407,-0.0004980000085197389,0,0.009139000438153744,-0.0007399999885819852,0.9999579787254333,0,0.4246549904346466,5.24730920791626,0,1,0.10494399815797806,-0.030907999724149704,0.9939979910850525,0,-0.8679710030555725,-0.4907059967517853,0.07637999951839447,0,0.4853990077972412,-0.8707770109176636,-0.07832399755716324,0,-9.074111938476562,13.132007598876953,-0.14027400314807892,1,0.9398930072784424,0.3381339907646179,-0.047616999596357346,0,-0.21431800723075867,0.692704975605011,0.6886420249938965,0,0.26583799719810486,-0.6370450258255005,0.7235360145568848,0,0,18.956823348999023,0,1,0.8919810056686401,-0.4137589931488037,0.18213599920272827,0,0.3566119968891144,0.8916109800338745,0.27903100848197937,0,-0.27784600853919983,-0.18393799662590027,0.9428510069847107,0,0,23.244060516357422,0,1,0.8053339719772339,-0.03212599828839302,0.591949999332428,0,0.11387600004673004,0.9883180260658264,-0.10128899663686752,0,-0.5817810297012329,0.1489810049533844,0.7995849847793579,0,0,24.567493438720703,0,1,0.9201120138168335,-0.3797549903392792,-0.09581200033426285,0,0.39134499430656433,0.8817089796066284,0.2635110020637512,0,-0.015591000206768513,-0.2799549996852875,0.9598870277404785,0,5.410531997680664,6.953965187072754,0,1,0.9201220273971558,0.07531800121068954,0.38432198762893677,0,-0.16957400739192963,0.9611909985542297,0.21761399507522583,0,-0.35301700234413147,-0.26540300250053406,0.8971850275993347,0,0.576649010181427,7.025074005126953,0,1,0.9895899891853333,-0.1430860012769699,-0.015448000282049179,0,0.14306899905204773,0.9897099733352661,-0.002230999991297722,0,0.015607999637722969,-0.000003000000106112566,0.9998779892921448,0,0.0009820000268518925,6.555523872375488,0,1,0.9879040122032166,-0.12310100346803665,-0.09429699927568436,0,0.1549530029296875,0.7603690028190613,0.6307359933853149,0,-0.005944000091403723,-0.6377189755439758,0.7702469825744629,0,0,13.79148006439209,0.18134300410747528,1,0.9643970131874084,-0.1950010061264038,-0.17864200472831726,0,0.24440400302410126,0.3991580009460449,0.8837080001831055,0,-0.10101699829101562,-0.8959059715270996,0.4326060116291046,0,-0.10770300030708313,8.831100463867188,0,1,0.998786985874176,-0.04920399934053421,0.0020630001090466976,0,0.04920399934053421,0.9987890124320984,0.00003600000127335079,0,-0.0020620001014322042,0.00006600000051548705,0.9999979734420776,0,0.17510299384593964,5.5391998291015625,0,1,-0.9811750054359436,-0.09852500259876251,0.16609899699687958,0,0.15974700450897217,-0.8973619937896729,0.41136598587036133,0,0.1085209995508194,0.43015599250793457,0.8962079882621765,0,9.560393333435059,-5.4748921394348145,0.49731001257896423,1,0.9967150092124939,-0.07723300158977509,0.024372000247240067,0,0.04947900027036667,0.34246599674224854,-0.9382259845733643,0,0.0641150027513504,0.9363499879837036,0.3451629877090454,0,0,24.749359130859375,0,1,0.9869779944419861,0.12167000025510788,-0.1052199974656105,0,0.00484299985691905,0.6313459873199463,0.7754859924316406,0,0.16078400611877441,-0.7658969759941101,0.622534990310669,0,0,21.224716186523438,0,1,0.9238269925117493,-0.02487899921834469,0.38199999928474426,0,-0.2774839997291565,0.6439189910888672,0.7130020260810852,0,-0.2637160122394562,-0.764689028263092,0.5879660248756409,0,0,12.081388473510742,0,1,-0.9875890016555786,-0.03569899871945381,-0.1529500037431717,0,0.00725199980661273,-0.9831529855728149,0.18264199793338776,0,-0.15689300000667572,0.17926600575447083,0.9712100028991699,0,-9.560393333435059,-5.4748921394348145,0.38186201453208923,1,0.9833210110664368,0.1423259973526001,0.1132420003414154,0,-0.09025999903678894,0.9223999977111816,-0.375542014837265,0,-0.1579039990901947,0.3590570092201233,0.9198610186576843,0,0,24.749671936035156,0,1,0.9643110036849976,-0.24431799352169037,0.10204000025987625,0,0.05890199914574623,0.5736849904060364,0.8169549703598022,0,-0.25813600420951843,-0.7817890048027039,0.5676019787788391,0,0,21.208032608032227,0,1,0.893438994884491,0.026357000693678856,-0.4484100043773651,0,0.3380909860134125,0.6177970170974731,0.709945023059845,0,0.29573801159858704,-0.7858960032463074,0.5430529713630676,0,0,12.051568031311035,0,1
K0.033,0.9994099736213684,-0.02435103990137577,-0.02422180399298668,0,0.024771034717559814,0.9995449781417847,0.01719898357987404,0,0.023791804909706116,-0.017788978293538094,0.9995589852333069,0,0.04435776174068451,60.160186767578125,2.868701457977295,1,0.9999319911003113,-0.00042901973938569427,-0.011694048531353474,0,0.00010701872815843672,0.9996230006217957,-0.027455981820821762,0,0.01170204859226942,0.02745298109948635,0.9995549917221069,0,0,9.87615966796875,-0.30827200412750244,1,0.9997230172157288,0.0035109713207930326,-0.023259099572896957,0,-0.0033379693049937487,0.999966025352478,0.007486038375645876,0,0.023285098373889923,-0.007407038472592831,0.9997010231018066,0,0,11.52779769897461,0,1,0.9997230172157288,0.0035109713207930326,-0.023259099572896957,0,-0.0033379693049937487,0.999966025352478,0.007486038375645876,0,0.023284098133444786,-0.007407038472592831,0.9997010231018066,0,0,13.174641609191895,0,1,0.999908983707428,-0.008525830693542957,0.01043904758989811,0,0.008094828575849533,0.9991400241851807,0.04067300632596016,0,-0.01077704131603241,-0.04058501124382019,0.9991179704666138,0,0,14.821446418762207,0,1,0.9983130097389221,0.02499488554894924,0.05239895358681679,0,-0.027045883238315582,0.9988800287246704,0.03881297633051872,0,-0.051369957625865936,-0.040164969861507416,0.997871994972229,0,0,9.175865173339844,0.7520970106124878,1,0.22947090864181519,0.014918017201125622,-0.9732009768486023,0,0.8626880049705505,-0.4660990238189697,0.19626791775226593,0,-0.4506800174713135,-0.8846070170402527,-0.11982597410678864,0,9.074111938476562,13.126547813415527,0.0346359983086586,1,0.9779808521270752,-0.19171561300754547,0.08245640993118286,0,0.08680883795022964,0.7329988479614258,0.6746680736541748,0,-0.18978498876094818,-0.6526539921760559,0.7335010170936584,0,0,18.956823348999023,0,1,0.8273319602012634,0.5036810636520386,-0.24865010380744934,0,-0.4519030749797821,0.8597479462623596,0.23794400691986084,0,0.33362409472465515,-0.08449290692806244,0.9389119744300842,0,0,23.230398178100586,0,1,0.8156911134719849,0.12251296639442444,-0.5653648376464844,0,-0.2485589236021042,0.9567279815673828,-0.1512930542230606,0,0.5223658084869385,0.2639339566230774,0.8108471035957336,0,0,24.571369171142578,0,1,0.9190940260887146,0.3803490102291107,0.10295800119638443,0,-0.3835650086402893,0.803741991519928,0.45483699440956116,0,0.09024500101804733,-0.4575290083885193,0.8846030235290527,0,-5.492734909057617,6.393434047698975,-0.000003999999989900971,1,0.9966170191764832,-0.08060900121927261,0.01604600064456463,0,0.080376997590065,0.9966580271720886,0.01457200013101101,0,-0.017167000100016594,-0.013233000412583351,0.9997649788856506,0,-0.5932949781417847,6.716958999633789,0,1,0.9692980051040649,0.2451159954071045,0.019485000520944595,0,-0.2450830042362213,0.9694929718971252,-0.004126000218093395,0,-0.019902000203728676,-0.000775999971665442,0.9998019933700562,0,-0.2632110118865967,6.747581958770752,0,1,0.98021000623703,0.1923309713602066,0.04687894880771637,0,-0.17709197103977203,0.7460931539535522,0.6418587565422058,0,0.08847296237945557,-0.6374587416648865,0.7653881907463074,0,0,14.195812225341797,0.10005299746990204,1,0.8941860795021057,0.30024200677871704,0.332092821598053,0,-0.3891979455947876,0.15471456944942474,0.9080688953399658,0,0.22126081585884094,-0.941231906414032,0.2551965117454529,0,-0.2012220025062561,8.675531387329102,0,1,0.9908419847488403,-0.13471800088882446,-0.0091559998691082,0,0.13471899926662445,0.990884006023407,-0.0004980000085197389,0,0.009139000438153744,-0.0007399999885819852,0.9999579787254333,0,0.4246549904346466,5.24730920791626,0,1,0.11843708157539368,-0.028964998200535774,0.9925389885902405,0,-0.8728550672531128,-0.47957780957221985,0.09016008675098419,0,0.47338882088661194,-0.8770211338996887,-0.08208201825618744,0,-9.074111938476562,13.132007598876953,-0.14027400314807892,1,0.924484133720398,0.3674514591693878,-0.10153158009052277,0,-0.19968822598457336,0.6936362385749817,0.6920939683914185,0,0.3247370719909668,-0.6195550560951233,0.7146309614181519,0,0,18.956823348999023,0,1,0.8203015923500061,-0.5606496334075928,0.11304064095020294,0,0.5044116377830505,0.8023494482040405,0.31906917691230774,0,-0.2695840001106262,-0.20471413433551788,0.940966010093689,0,0,23.244060516357422,0,1,0.7747129797935486,0.05819270387291908,0.6296288967132568,0,0.005346270743757486,0.9951179623603821,-0.09855122119188309,0,-0.6322899460792542,0.07971472293138504,0.7706200480461121,0,0,24.567493438720703,0,1,0.914639949798584,-0.3917331397533417,-0.09989804774522781,0,0.4037691354751587,0.8728668689727783,0.27399712800979614,0,-0.02013605646789074,-0.2909451127052307,0.9565279483795166,0,5.410531997680664,6.953965187072754,0,1,0.9261289834976196,0.07534392923116684,0.3696059286594391,0,-0.16343389451503754,0.9632510542869568,0.2131609320640564,0,-0.33996298909187317,-0.25782087445259094,0.9044080376625061,0,0.576649010181427,7.025074005126953,0,1,0.9895899891853333,-0.1430860012769699,-0.015448000282049179,0,0.14306899905204773,0.9897099733352661,-0.002230999991297722,0,0.015608999878168106,-0.000003000000106112566,0.9998779892921448,0,0.0009820000268518925,6.555523872375488,0,1,0.9865999817848206,-0.12862004339694977,-0.1003890410065651,0,0.16286605596542358,0.7394278049468994,0.6532391905784607,0,-0.009790032170712948,-0.6608352065086365,0.7504668235778809,0,0,13.79148006439209,0.18134300410747528,1,0.9628890156745911,-0.19780902564525604,-0.18362104892730713,0,0.2481110394001007,0.38094982504844666,0.8906840682029724,0,-0.10623504966497421,-0.9031880497932434,0.41589081287384033,0,-0.10770300030708313,8.831100463867188,0,1,0.998786985874176,-0.04920399934053421,0.0020630001090466976,0,0.04920399934053421,0.9987890124320984,0.00003600000127335079,0,-0.0020620001014322042,0.00006600000051548705,0.9999979734420776,0,0.17510299384593964,5.5391998291015625,0,1,-0.983040988445282,-0.07851389795541763,0.16572588682174683,0,0.1494978964328766,-0.866496741771698,0.4762704074382782,0,0.10620687901973724,0.4929693937301636,0.8635397553443909,0,9.560393333435059,-5.4748921394348145,0.49731001257896423,1,0.9971989989280701,-0.054102785885334015,0.05164031684398651,0,0.07063315808773041,0.45423343777656555,-0.8880780935287476,0,0.024591520428657532,0.8892381191253662,0.45678240060806274,0,0,24.749359130859375,0,1,0.9857119917869568,0.13451316952705383,-0.1013849675655365,0,0.00004292366429581307,0.6016997694969177,0.7987222075462341,0,0.16844211518764496,-0.7873141169548035,0.5930967330932617,0,0,21.224716186523438,0,1,0.9105125665664673,-0.030941065400838852,0.4123217761516571,0,-0.30280566215515137,0.6291418075561523,0.7158837914466858,0,-0.28155943751335144,-0.7766740918159485,0.5634725093841553,0,0,12.081388473510742,0,1,-0.9859169721603394,-0.029056888073682785,-0.1646951138973236,0,0.01338902022689581,-0.9953440427780151,0.09545019268989563,0,-0.16670109331607819,0.09190120548009872,0.9817150235176086,0,-9.560393333435059,-5.4748921394348145,0.38186201453208923,1,0.9805659651756287,0.1452181041240692,0.13191816210746765,0,-0.09260106831789017,0.9353640675544739,-0.34134984016418457,0,-0.17296217381954193,0.3224998116493225,0.930633008480072,0,0,24.749671936035156,0,1,0.9625179767608643,-0.2512800991535187,0.10206297039985657,0,0.0612180195748806,0.5678878426551819,0.8208271265029907,0,-0.2642180919647217,-0.7838121056556702,0.5619848370552063,0,0,21.208032608032227,0,1,0.8941929936408997,0.025863999500870705,-0.44693300127983093,0,0.33873802423477173,0.6136389970779419,0.7132350206375122,0,0.2927030026912689,-0.7891629934310913,0.5399500131607056,0,0,12.051568031311035,0,1
K0.067,0.9995899796485901,-0.028236960992217064,-0.004698194097727537,0,0.028305964544415474,0.9994800090789795,0.015469016507267952,0,0.0042591942474246025,-0.015596020966768265,0.9998689889907837,0,0.020664235576987267,60.104122161865234,6.423855781555176,1,0.9998610019683838,-0.002399980556219816,-0.016491951420903206,0,0.0019789813086390495,0.999671995639801,-0.025537017732858658,0,0.016547951847314835,0.02550101839005947,0.999538004398346,0,0,9.87615966796875,-0.30827200412750244,1,0.9994500279426575,0.0006470284424722195,-0.03315890207886696,0,-0.0002730304840952158,0.9999359846115112,0.011303962208330631,0,0.033163901418447495,-0.011287962086498737,0.9993860125541687,0,0,11.52779769897461,0,1,0.9994500279426575,0.0006470284424722195,-0.03315890207886696,0,-0.0002730304840952158,0.9999359846115112,0.011303962208330631,0,0.033163901418447495,-0.011287962086498737,0.9993860125541687,0,0,13.174641609191895,0,1,0.9998480081558228,0.00843783188611269,0.015226952731609344,0,-0.00906382966786623,0.9990969896316528,0.041513994336128235,0,-0.014862959273159504,-0.04164598882198334,0.9990220069885254,0,0,14.821446418762207,0,1,0.9987639784812927,0.013615112751722336,0.047802045941352844,0,-0.015367116779088974,0.9992160201072693,0.036477021872997284,0,-0.047267042100429535,-0.03716602921485901,0.9981909990310669,0,0,9.175865173339844,0.7520970106124878,1,0.22025908529758453,0.016573982313275337,-0.9753010272979736,0,0.8636639714241028,-0.4680599570274353,0.1870940923690796,0,-0.4533979594707489,-0.8835409879684448,-0.11740902066230774,0,9.074111938476562,13.126547813415527,0.0346359983086586,1,0.9672251343727112,-0.2528513967990875,0.02328958921134472,0,0.16991117596626282,0.7126461863517761,0.680635929107666,0,-0.18869701027870178,-0.6543710231781006,0.732250988483429,0,0,18.956823348999023,0,1,0.818790078163147,0.5125879645347595,-0.2585279047489166,0,-0.4603569209575653,0.8552920818328857,0.23779599368572235,0,0.3430079221725464,-0.07569009065628052,0.9362779855728149,0,0,23.230398178100586,0,1,0.8282678723335266,0.11914703249931335,-0.5475181937217712,0,-0.24128207564353943,0.957738995552063,-0.15658694505691528,0,0.5057231783866882,0.2618020176887512,0.8220118880271912,0,0,24.571369171142578,0,1,0.9190940260887146,0.3803490102291107,0.10295800119638443,0,-0.3835650086402893,0.803741991519928,0.45483699440956116,0,0.09024500101804733,-0.4575290083885193,0.8846030235290527,0,-5.492734909057617,6.393434047698975,-0.000003999999989900971,1,0.9966170191764832,-0.08060900121927261,0.01604600064456463,0,0.080376997590065,0.9966580271720886,0.014573000371456146,0,-0.017167000100016594,-0.013233000412583351,0.9997649788856506,0,-0.5932949781417847,6.716958999633789,0,1,0.9692980051040649,0.24511699378490448,0.019485000520944595,0,-0.2450830042362213,0.9694929718971252,-0.004126000218093395,0,-0.019902000203728676,-0.000775999971665442,0.9998019933700562,0,-0.2632110118865967,6.747581958770752,0,1,0.9810510277748108,0.18917803466320038,0.041836049407720566,0,-0.17414402961730957,0.7663268446922302,0.6183992624282837,0,0.084927037358284,-0.61396723985672,0.7847498059272766,0,0,14.195812225341797,0.10005299746990204,1,0.9003749489784241,0.30102598667144775,0.3141781687736511,0,-0.38433805108070374,0.21171343326568604,0.8985881209373474,0,0.2039821743965149,-0.9298171401023865,0.3063175082206726,0,-0.2012220025062561,8.675531387329102,0,1,0.9908419847488403,-0.13471800088882446,-0.009154999628663063,0,0.13471899926662445,0.990884006023407,-0.0004980000085197389,0,0.009139000438153744,-0.0007399999885819852,0.9999579787254333,0,0.4246549904346466,5.24730920791626,0,1,0.12630893290042877,-0.028724001720547676,0.9915750026702881,0,-0.8814869523048401,-0.46173417568206787,0.0989099070429802,0,0.45500218868255615,-0.8865528702735901,-0.08364098519086838,0,-9.074111938476562,13.132007598876953,-0.14027400314807892,1,0.9359309077262878,0.31412753462791443,-0.15924043953418732,0,-0.12273876368999481,0.7147367596626282,0.6885400414466858,0,0.33010393381118774,-0.6248809695243835,0.707499086856842,0,0,18.956823348999023,0,1,0.7775024175643921,-0.6240933537483215,0.07744035124778748,0,0.5688023567199707,0.7503995299339294,0.3366978168487549,0,-0.2682420015335083,-0.21773487329483032,0.9384229779243469,0,0,23.244060516357422,0,1,0.7746710181236267,0.12854330241680145,0.6191611289978027,0,-0.06751327961683273,0.9903380870819092,-0.12113277614116669,0,-0.6287500858306885,0.05203627422451973,0.7758649587631226,0,0,24.567493438720703,0,1,0.907369077205658,-0.40710684657096863,-0.10462195426225662,0,0.41954585909843445,0.8619081377983093,0.28477388620376587,0,-0.02575894445180893,-0.30228888988494873,0.9528680443763733,0,5.410531997680664,6.953965187072754,0,1,0.928471028804779,0.0686250701546669,0.365009069442749,0,-0.15239010751247406,0.9666349291801453,0.20590007305145264,0,-0.3387010097503662,-0.24679610133171082,0.9079499244689941,0,0.576649010181427,7.025074005126953,0,1,0.9895899891853333,-0.1430860012769699,-0.015448000282049179,0,0.14306899905204773,0.9897099733352661,-0.002230999991297722,0,0.015607999637722969,-0.000003000000106112566,0.9998779892921448,0,0.0009820000268518925,6.555523872375488,0,1,0.9855110049247742,-0.13312695920467377,-0.10509295761585236,0,0.1691039353609085,0.7234271764755249,0.6693698167800903,0,-0.013083967380225658,-0.67744380235672,0.7354581952095032,0,0,13.79148006439209,0.18134300410747528,1,0.9613069891929626,-0.20060497522354126,-0.18880395591259003,0,0.2519019842147827,0.3626841902732849,0.8972209692001343,0,-0.11151094734668732,-0.9100649356842041,0.3991841673851013,0,-0.10770300030708313,8.831100463867188,0,1,0.998786985874176,-0.04920399934053421,0.0020630001090466976,0,0.04920399934053421,0.9987890124320984,0.00003600000127335079,0,-0.0020620001014322042,0.00006600000051548705,0.9999979734420776,0,0.17510299384593964,5.5391998291015625,0,1,-0.9858729839324951,-0.06792410463094711,0.15310311317443848,0,0.13858109712600708,-0.8441762328147888,0.5178436040878296,0,0.0940721184015274,0.5317456126213074,0.8416632413864136,0,9.560393333435059,-5.4748921394348145,0.49731001257896423,1,0.9959930181503296,-0.03300120681524277,0.08312468975782394,0,0.08635584264993668,0.5966615676879883,-0.7978329062461853,0,-0.02326752431690693,0.8018139004707336,0.5971206426620483,0,0,24.749359130859375,0,1,0.9836270213127136,0.1510598361492157,-0.0982770323753357,0,-0.007585924118757248,0.5795562267303467,0.814896821975708,0,0.18005488812923431,-0.8008089065551758,0.5712132453918457,0,0,21.224716186523438,0,1,0.8703804016113281,-0.03751593455672264,0.49094921350479126,0,-0.36884835362434387,0.6108391880989075,0.700590193271637,0,-0.3261745572090149,-0.7908658981323242,0.5178244709968567,0,0,12.081388473510742,0,1,-0.9842290282249451,-0.017852112650871277,-0.17599788308143616,0,0.015470979735255241,-0.9997689127922058,0.014892800711095333,0,-0.17622290551662445,0.011934794485569,0.9842780232429504,0,-9.560393333435059,-5.4748921394348145,0.38186201453208923,1,0.9765860438346863,0.15529689192771912,0.14887283742427826,0,-0.09941093623638153,0.9394709467887878,-0.3278891146183014,0,-0.19078181684017181,0.3054121732711792,0.9329119920730591,0,0,24.749671936035156,0,1,0.9601600170135498,-0.2612009048461914,0.09933003038167953,0,0.06303098797798157,0.5487141609191895,0.8336299061775208,0,-0.27224892377853394,-0.794157862663269,0.5433171987533569,0,0,21.208032608032227,0,1,0.893517017364502,0.025772999972105026,-0.44828900694847107,0,0.34062495827674866,0.6116009950637817,0.7140859961509705,0,0.2925780117511749,-0.7907469868659973,0.5376970171928406,0,0,12.051568031311035,0,1
K0.100,0.9994660019874573,-0.031293999403715134,0.009417998604476452,0,0.03117699921131134,0.9994379878044128,0.012323999777436256,0,-0.009797998704016209,-0.01202400028705597,0.9998800158500671,0,0.03255600109696388,59.72382736206055,10.118400573730469,1,0.9997879862785339,-0.0034149999264627695,-0.02031799964606762,0,0.0029140000697225332,0.999692976474762,-0.024591000750660896,0,0.020394999533891678,0.024526000022888184,0.9994909763336182,0,0,9.87615966796875,-0.30827200412750244,1,0.9991670250892639,-0.0006009999196976423,-0.040810998529195786,0,0.001139999832957983,0.9999120235443115,0.013178999535739422,0,0.04079899936914444,-0.013214999809861183,0.9990800023078918,0,0,11.52779769897461,0,1,0.9991670250892639,-0.0006009999196976423,-0.040810998529195786,0,0.001139999832957983,0.9999120235443115,0.013178999535739422,0,0.04079899936914444,-0.013214999809861183,0.9990800023078918,0,0,13.174641609191895,0,1,0.9996280074119568,0.01998000033199787,0.018542999401688576,0,-0.021021999418735504,0.9981030225753784,0.05785899981856346,0,-0.017351999878883362,-0.05822699889540672,0.9981529712677002,0,0,14.821446418762207,0,1,0.9990170001983643,0.0060890004970133305,0.04391299933195114,0,-0.007256000302731991,0.9996240139007568,0.026455000042915344,0,-0.04373500123620033,-0.02674799971282482,0.9986850023269653,0,0,9.175865173339844,0.7520970106124878,1,0.20484599471092224,0.02011599950492382,-0.9785869717597961,0,0.8697320222854614,-0.4623749852180481,0.17255499958992004,0,-0.4490030109882355,-0.8864560127258301,-0.11221099644899368,0,9.074111938476562,13.126547813415527,0.0346359983086586,1,0.955282986164093,-0.2944140136241913,-0.02748599834740162,0,0.2302349954843521,0.6822580099105835,0.6939129829406738,0,-0.18554499745368958,-0.6692119836807251,0.7195339798927307,0,0,18.956823348999023,0,1,0.8243290185928345,0.49414700269699097,-0.2762260138988495,0,-0.44021499156951904,0.8663089871406555,0.23604699969291687,0,0.35593900084495544,-0.07298199832439423,0.9316549897193909,0,0,23.230398178100586,0,1,0.8308839797973633,0.12806899845600128,-0.5415080189704895,0,-0.24976100027561188,0.955452024936676,-0.15726299583911896,0,0.4972440004348755,0.26591500639915466,0.8258559703826904,0,0,24.571369171142578,0,1,0.9190940260887146,0.3803490102291107,0.10295800119638443,0,-0.3835650086402893,0.803741991519928,0.45483699440956116,0,0.09024500101804733,-0.4575290083885193,0.8846030235290527,0,-5.492734909057617,6.393434047698975,-0.000003999999989900971,1,0.9966170191764832,-0.08060800284147263,0.01604600064456463,0,0.080376997590065,0.9966580271720886,0.01457200013101101,0,-0.017167000100016594,-0.013233000412583351,0.9997649788856506,0,-0.5932949781417847,6.716958999633789,0,1,0.9692980051040649,0.2451159954071045,0.01948400028049946,0,-0.2450830042362213,0.9694929718971252,-0.004126000218093395,0,-0.01990099996328354,-0.000775999971665442,0.9998019933700562,0,-0.2632110118865967,6.747581958770752,0,1,0.9819560050964355,0.1855510026216507,0.03652799874544144,0,-0.17072699964046478,0.7867249846458435,0.5932250022888184,0,0.08133500069379807,-0.5887569785118103,0.8042070269584656,0,0,14.195812225341797,0.10005299746990204,1,0.9067310094833374,0.300680011510849,0.2956869900226593,0,-0.3782239854335785,0.2697319984436035,0.8855460286140442,0,0.18650899827480316,-0.914788007736206,0.35829898715019226,0,-0.2012220025062561,8.675531387329102,0,1,0.9908419847488403,-0.13471800088882446,-0.009154999628663063,0,0.13471899926662445,0.990884006023407,-0.0004980000085197389,0,0.009139000438153744,-0.0007399999885819852,0.9999579787254333,0,0.4246549904346466,5.24730920791626,0,1,0.13460999727249146,-0.028364000841975212,0.9904929995536804,0,-0.8882849812507629,-0.4464290142059326,0.10793600231409073,0,0.4391230046749115,-0.8943690061569214,-0.08528999984264374,0,-9.074111938476562,13.132007598876953,-0.14027400314807892,1,0.9476979970932007,0.2366659939289093,-0.21414299309253693,0,-0.031707003712654114,0.737434983253479,0.6746739745140076,0,0.31758901476860046,-0.6325979828834534,0.7063689827919006,0,0,18.956823348999023,0,1,0.7559999823570251,-0.6519889831542969,0.058093998581171036,0,0.6026279926300049,0.7279090285301208,0.32708999514579773,0,-0.2555460035800934,-0.21227100491523743,0.9432060122489929,0,0,23.244060516357422,0,1,0.7787269949913025,0.17519499361515045,0.602403998374939,0,-0.10836400091648102,0.9833469986915588,-0.14589999616146088,0,-0.6179329752922058,0.048337001353502274,0.7847430109977722,0,0,24.567493438720703,0,1,0.8990359902381897,-0.42393800616264343,-0.10959099978208542,0,0.43668800592422485,0.8496599793434143,0.2956030070781708,0,-0.03220200166106224,-0.31361499428749084,0.9490039944648743,0,5.410531997680664,6.953965187072754,0,1,0.9312899708747864,0.06599900126457214,0.3582499921321869,0,-0.14629200100898743,0.968421995639801,0.20188400149345398,0,-0.33361300826072693,-0.24042199552059174,0.9115369915962219,0,0.576649010181427,7.025074005126953,0,1,0.9895899891853333,-0.1430860012769699,-0.015448000282049179,0,0.14306899905204773,0.9897099733352661,-0.002230999991297722,0,0.015607999637722969,-0.000003000000106112566,0.9998779892921448,0,0.0009820000268518925,6.555523872375488,0,1,0.9845589995384216,-0.13658000528812408,-0.10949999839067459,0,0.1742829978466034,0.7060949802398682,0.686335027217865,0,-0.016421999782323837,-0.6948210000991821,0.7189949750900269,0,0,13.79148006439209,0.18134300410747528,1,0.9596560001373291,-0.20336900651454926,-0.19416899979114532,0,0.2557609975337982,0.34445101022720337,0.903294026851654,0,-0.11682000011205673,-0.9165120124816895,0.38256898522377014,0,-0.10770300030708313,8.831100463867188,0,1,0.998786985874176,-0.04920399934053421,0.0020630001090466976,0,0.04920399934053421,0.9987890124320984,0.00003600000127335079,0,-0.0020620001014322042,0.00006600000051548705,0.9999979734420776,0,0.17510299384593964,5.5391998291015625,0,1,-0.9880840182304382,-0.060805998742580414,0.1413930058479309,0,0.12938399612903595,-0.825698971748352,0.5490729808807373,0,0.08336099982261658,0.5608239769935608,0.8237280249595642,0,9.560393333435059,-5.4748921394348145,0.49731001257896423,1,0.9940069913864136,-0.03435099869966507,0.10377400368452072,0,0.09567199647426605,0.73260498046875,-0.6738960146903992,0,-0.05287700146436691,0.6797860264778137,0.7315019965171814,0,0,24.749359130859375,0,1,0.9798460006713867,0.1746470034122467,-0.09695799648761749,0,-0.023403000086545944,0.5824030041694641,0.8125630021095276,0,0.1983799934387207,-0.7939180135726929,0.5747519731521606,0,0,21.224716186523438,0,1,0.8950880169868469,-0.03383500128984451,0.44460299611091614,0,-0.32975301146507263,0.6209390163421631,0.7111240029335022,0,-0.30013298988342285,-0.783128023147583,0.5446379780769348,0,0,12.081388473510742,0,1,-0.9818689823150635,0.0034739989787340164,-0.18952900171279907,0,0.009808000177145004,-0.9975619912147522,-0.06909499317407608,0,-0.18930700421333313,-0.06970100104808807,0.9794409871101379,0,-9.560393333435059,-5.4748921394348145,0.38186201453208923,1,0.970475971698761,0.1723790019750595,0.16870999336242676,0,-0.11099199950695038,0.9401609897613525,-0.3221449851989746,0,-0.2141450047492981,0.2939079999923706,0.9315360188484192,0,0,24.749671936035156,0,1,0.9571570158004761,-0.27367499470710754,0.09461399912834167,0,0.0645890012383461,0.5202890038490295,0.8515440225601196,0,-0.28227299451828003,-0.8089510202407837,0.5156750082969666,0,0,21.208032608032227,0,1,0.8925510048866272,0.029265999794006348,-0.4499950110912323,0,0.34505099058151245,0.598143994808197,0.7232999801635742,0,0.2903299927711487,-0.8008540272712708,0.5237759947776794,0,0,12.051568031311035,0,1
