{
	"entities": [
		{
			"name":	"lamp light",
			"type":	"LIGHT",
			"color":	[0.67000001668930054, 0.67000001668930054, 0.449999988079071],
			"intensity":	3,
			"max_dist":	250,
			"light_type":	"POINT",
			"model":	[1, 0, 0, 0, 0, 1, 0, 0, 0, 0, 1, 0, 583.99102783203125, 54.991001129150391, 62.783000946044922, 1]
		}, {
			"name":	"flashlight",
			"type":	"LIGHT",
			"color":	[1, 0.89999997615814209, 0.800000011920929],
			"intensity":	5,
			"max_dist":	1000,
			"cone_angle":	20,
			"cone_exp":	30,
			"cast_shadows":	true,
			"shadow_bias":	0.00100000004749745,
			"light_type":	"SPOT",
			"model":	[-0.731353759765625, 0, 0.68199831247329712, 0, 0, 1, 0, 0, -0.68199831247329712, 0, -0.731353759765625, 0, 35.367000579833984, 41, -111.17099761962891, 1]
		}, {
			"name":	"moonlight",
			"type":	"LIGHT",
			"color":	[0.10000000149011612, 0.20000000298023224, 0.40000000596046448],
			"intensity":	1,
			"max_dist":	1000,
			"area_size":	1500,
			"cast_shadows":	true,
			"light_type":	"DIRECTIONAL",
			"model":	[0.661621630191803, 0, -0.74983781576156616, 0, 0.59822410345077515, 0.60291600227355957, 0.52784478664398193, 0, 0.45208927989006042, -0.797804594039917, 0.3989022970199585, 0, 150, 300, 50, 1]
		}, {
			"name":	"spotlight",
			"type":	"LIGHT",
			"color":	[0.300000011920929, 0.60000002384185791, 0.89999997615814209],
			"intensity":	30,
			"max_dist":	1500,
			"cone_angle":	30,
			"cone_exp":	12,
			"cast_shadows":	true,
			"shadow_bias":	0.00100000004749745,
			"light_type":	"SPOT",
			"model":	[-0.25881898403167725, 0, -0.96592587232589722, 0, 0, 1, 0, 0, 0.96592587232589722, 0, -0.25881898403167725, 0, 147, 106, -145, 1]
		}, {
			"name":	"spotlight 1",
			"type":	"LIGHT",
			"color":	[0.800000011920929, 0.20000000298023224, 0.699999988079071],
			"intensity":	20,
			"max_dist":	1500,
			"cone_angle":	30,
			"cone_exp":	12,
			"cast_shadows":	true,
			"shadow_bias":	0.00100000004749745,
			"light_type":	"SPOT",
			"model":	[0.0871557369828224, 0, -0.99619472026824951, 0, 0, 1, 0, 0, 0.99619472026824951, 0, 0.0871557369828224, 0, 145, 106, 313, 1]
		}, {
			"name":	"spotlight 2",
			"type":	"LIGHT",
			"color":	[0.25, 0.75, 0.20000000298023224],
			"intensity":	30,
			"max_dist":	1500,
			"cone_angle":	30,
			"cone_exp":	12,
			"cast_shadows":	true,
			"shadow_bias":	0.00100000004749745,
			"light_type":	"SPOT",
			"model":	[0.25881907343864441, 0, 0.96592581272125244, 0, 0, 1, 0, 0, -0.96592581272125244, 0, 0.25881907343864441, 0, 522.62701416015625, 105.81500244140625, -154.83500671386719, 1]
		}, {
			"name":	"spotlight 3",
			"type":	"LIGHT",
			"color":	[0.20000000298023224, 0.10000000149011612, 0.60000002384185791],
			"intensity":	20,
			"max_dist":	1500,
			"cone_angle":	30,
			"cone_exp":	12,
			"cast_shadows":	true,
			"shadow_bias":	0.00100000004749745,
			"light_type":	"SPOT",
			"model":	[-0.258819043636322, 0, 0.96592581272125244, 0, 0, 1, 0, 0, -0.96592581272125244, 0, -0.258819043636322, 0, 516.6619873046875, 105.81500244140625, 317.65301513671875, 1]
		}, {
			"name":	"spotlight emissive",
			"type":	"LIGHT",
			"color":	[0.300000011920929, 0.60000002384185791, 0.89999997615814209],
			"intensity":	15,
			"max_dist":	20,
			"light_type":	"POINT",
			"model":	[1, 0, 0, 0, 0, 1, 0, 0, 0, 0, 1, 0, 147, 106, -145, 1]
		}, {
			"name":	"spotlight emissive 1",
			"type":	"LIGHT",
			"color":	[0.800000011920929, 0.20000000298023224, 0.699999988079071],
			"intensity":	15,
			"max_dist":	20,
			"light_type":	"POINT",
			"model":	[1, 0, 0, 0, 0, 1, 0, 0, 0, 0, 1, 0, 145, 106, 313, 1]
		}, {
			"name":	"spotlight emissive 2",
			"type":	"LIGHT",
			"color":	[0.25, 0.75, 0.20000000298023224],
			"intensity":	15,
			"max_dist":	20,
			"light_type":	"POINT",
			"model":	[1, 0, 0, 0, 0, 1, 0, 0, 0, 0, 1, 0, 519.7769775390625, 107.38700103759766, -153.66600036621094, 1]
		}, {
			"name":	"spotlight emissive 3",
			"type":	"LIGHT",
			"color":	[0.20000000298023224, 0.10000000149011612, 0.60000002384185791],
			"intensity":	15,
			"max_dist":	20,
			"light_type":	"POINT",
			"model":	[1, 0, 0, 0, 0, 1, 0, 0, 0, 0, 1, 0, 516.5999755859375, 107.23300170898438, 317.91500854492188, 1]
		}]
}