9.933,30,298,49
B0,mixamorig_Hips,-1,0.9994903802871704,-0.03154471516609192,0.004892956465482712,0,0.03176606819033623,0.9979881048202515,-0.05486585572361946,0,-0.0031522654462605715,0.054993122816085815,0.9984817504882812,0,-0.626776933670044,89.43098449707031,2.6904513835906982,1
B1,mixamorig_Spine,0,0.9999857544898987,-0.005192980170249939,-0.0012044886825606227,0,0.005101917777210474,0.9978174567222595,-0.06583862751722336,0,0.001544586499221623,0.06583144515752792,0.9978296756744385,0,0,10.726066589355469,-0.9416249990463257,1
B2,mixamorig_Spine1,1,0.9993038177490234,-0.005943637806922197,0.036841072142124176,0,0.005041018594056368,0.9996861815452576,0.024541450664401054,0,-0.03697528690099716,-0.024339061230421066,0.9990198016166687,0,0,12.561868667602539,0,1
B3,mixamorig_Spine2,2,0.999306857585907,-0.005096576176583767,0.03687295690178871,0,0.004190690815448761,0.9996880292892456,0.02462146058678627,0,-0.036987077444791794,-0.024450158700346947,0.9990167021751404,0,0,14.356425285339355,0,1
B4,mixamorig_Neck,3,0.9998524188995361,-0.010096236132085323,-0.013874553143978119,0,0.011763907968997955,0.9919688105583191,0.12593074142932892,0,0.01249226275831461,-0.12607614696025848,0.9919420480728149,0,0,16.15097427368164,0,1
B5,mixamorig_Head,4,0.9975011348724365,0.062972791492939,0.032027095556259155,0,-0.06603824347257614,0.9921774864196777,0.10593665391206741,0,-0.02510567381978035,-0.10778716951608658,0.9938567876815796,0,0,7.353363037109375,1.5495469570159912,1
B6,mixamorig_HeadTop_End,5,1,0,0,0,0,1,0,0,0,0,1,0,0,29.08538818359375,6.129055976867676,1
B7,mixamorig_LeftShoulder,3,-0.02720652148127556,0.0058623552322387695,-0.9996119737625122,0,0.945284366607666,-0.3250727653503418,-0.027634108439087868,0,-0.32510891556739807,-0.9456702470779419,0.003302977653220296,0,7.829264163970947,13.575481414794922,-0.22684599459171295,1
B8,mixamorig_LeftArm,7,0.9543775916099548,0.21898722648620605,-0.20299361646175385,0,0.04568758234381676,0.5647192001342773,0.8240174651145935,0,0.295083224773407,-0.7956982254981995,0.5289512872695923,0,0,16.86953353881836,0,1
B9,mixamorig_LeftForeArm,8,0.884954571723938,0.4654195010662079,0.015522468835115433,0,-0.46564650535583496,0.8840145468711853,0.041134849190711975,0,0.0054223802872002125,-0.04363076016306877,0.9990330934524536,0,0,29.034502029418945,0,1
B10,mixamorig_LeftHand,9,0.9799100756645203,0.004003969021141529,-0.199399933218956,0,0.03918203338980675,0.9764492511749268,0.21215800940990448,0,0.19555304944515228,-0.2157088816165924,0.9566753506660461,0,0,26.924732208251953,0,1
B11,mixamorig_LeftHandThumb1,10,0.9968194961547852,-0.07930479943752289,0.007888751104474068,0,0.07436215877532959,0.9611462354660034,0.2658361792564392,0,-0.028664274141192436,-0.26440373063087463,0.9639857411384583,0,-3.3962039947509766,4.071822166442871,1.3264659643173218,1
B12,mixamorig_LeftHandThumb2,11,0.9977878928184509,-0.03233472630381584,0.05808001011610031,0,0.029929636046290398,0.9986771941184998,0.041806645691394806,0,-0.05935491994023323,-0.03997582197189331,0.9974358081817627,0,-0.5813760161399841,4.33371114730835,0,1
B13,mixamorig_LeftHandThumb3,12,0.9885961413383484,0.1500266045331955,0.012991713359951973,0,-0.14893315732479095,0.9868428111076355,-0.062935009598732,0,-0.022262955084443092,0.06028274819254875,0.9979332089424133,0,0.023622000589966774,4.7287797927856445,0,1
B14,mixamorig_LeftHandThumb4,13,1,0,0,0,0,1,0,0,0,0,1,0,0.5577539801597595,3.600092887878418,0,1
B15,mixamorig_LeftHandIndex1,10,0.973750114440918,-0.22662433981895447,-0.021278558298945427,0,0.22053584456443787,0.9161686301231384,0.3346610963344574,0,-0.05634742230176926,-0.3305685818195343,0.9420979022979736,0,-2.7444119453430176,11.266654014587402,-0.28321900963783264,1
B16,mixamorig_LeftHandIndex2,15,0.9987407922744751,-0.04749152064323425,-0.016161466017365456,0,0.047880254685878754,0.8062988519668579,0.589566707611084,0,-0.01496799848973751,-0.5895985960960388,0.8075571656227112,0,0.011014999821782112,4.258218765258789,0,1
B17,mixamorig_LeftHandIndex3,16,0.9999091029167175,-0.013258857652544975,-0.002424787264317274,0,0.013368680141866207,0.9524692296981812,0.30434152483940125,0,-0.0017259643645957112,-0.3043464422225952,0.9525601863861084,0,-0.019927000626921654,4.062541961669922,0,1
B18,mixamorig_LeftHandIndex4,17,1,0,0,0,0,1,0,0,0,0,1,0,0.00891099963337183,2.8634350299835205,0,1
B19,mixamorig_LeftHandMiddle1,10,0.9696764945983887,-0.2420632392168045,-0.03366965427994728,0,0.23389758169651031,0.8792412877082825,0.415002703666687,0,-0.07085296511650085,-0.41029271483421326,0.9091969132423401,0,2.7444119453430176,11.509389877319336,-0.18605299293994904,1
B20,mixamorig_LeftHandMiddle2,19,0.9992773532867432,-0.036986593157052994,-0.008760778233408928,0,0.037302326411008835,0.9099878668785095,0.41295337677001953,0,-0.007301309145987034,-0.4129813611507416,0.9107095003128052,0,0.01687699928879738,3.994601011276245,0,1
B21,mixamorig_LeftHandMiddle3,20,0.9999949932098389,-0.0030347781721502542,-0.0009491149103268981,0,0.0031776896212249994,0.9652804732322693,0.26119762659072876,0,0.00012370807235129178,-0.26119962334632874,0.9652845859527588,0,-0.0332689993083477,4.158934116363525,0,1
B22,mixamorig_LeftHandMiddle4,21,1,0,0,0,0,1,0,0,0,0,1,0,0.016392000019550323,3.152972936630249,0,1
B23,mixamorig_RightShoulder,3,0.1423639953136444,-0.04494328424334526,0.9887931942939758,0,-0.9309563040733337,-0.345420241355896,0.11833600699901581,0,0.33623006939888,-0.9373707175254822,-0.09101669490337372,0,-7.829264163970947,13.575350761413574,-0.22536300122737885,1
B24,mixamorig_RightArm,23,0.9278759360313416,-0.31968846917152405,0.19194741547107697,0,0.039375219494104385,0.5958846807479858,0.8021033406257629,0,-0.3708029091358185,-0.7366943359375,0.5654965043067932,0,0,16.86953353881836,0,1
B25,mixamorig_RightForeArm,24,0.8733951449394226,-0.48672664165496826,-0.016665080562233925,0,0.4869717061519623,0.8723713755607605,0.042741745710372925,0,-0.006265611853450537,-0.04544554278254509,0.998947262763977,0,0,29.035812377929688,0,1
B26,mixamorig_RightHand,25,0.999431848526001,0.014052143320441246,-0.030629951506853104,0,-0.012830613180994987,0.9991282224655151,0.039717014878988266,0,0.031160853803157806,-0.03930136561393738,0.9987417459487915,0,0,26.930509567260742,0,1
B27,mixamorig_RightHandThumb1,26,0.9414460062980652,0.2202768325805664,0.2552563548088074,0,-0.29440799355506897,0.90605229139328,0.3039597272872925,0,-0.16432034969329834,-0.361313134431839,0.9178509712219238,0,3.4417240619659424,4.3594841957092285,1.3918689489364624,1
B28,mixamorig_RightHandThumb2,27,0.9870396852493286,-0.12620270252227783,0.09910043329000473,0,0.12091347575187683,0.9909836053848267,0.05769583210349083,0,-0.1054878756403923,-0.04496729373931885,0.9934026002883911,0,0.6647019982337952,4.532374858856201,0,1
B29,mixamorig_RightHandThumb3,28,0.9930618405342102,-0.11742804944515228,-0.006068899296224117,0,0.11683322489261627,0.9912230968475342,-0.061858512461185455,0,0.013279682025313377,0.06072065234184265,0.9980664849281311,0,-0.14198599755764008,4.717234134674072,0,1
B30,mixamorig_RightHandThumb4,29,1,0,0,0,0,1,0,0,0,0,1,0,-0.5227159857749939,3.4333438873291016,0,1
B31,mixamorig_RightHandIndex1,26,0.9491525888442993,0.31402936577796936,0.022241074591875076,0,-0.31481537222862244,0.9466980695724487,0.06820560991764069,0,0.00036283599911257625,-0.07173896580934525,0.9974222183227539,0,2.743367910385132,12.013800621032715,-0.25684699416160583,1
B32,mixamorig_RightHandIndex2,31,0.99347984790802,0.10510832071304321,0.044165175408124924,0,-0.10602787882089615,0.7093821167945862,0.6968031525611877,0,0.041909705847501755,-0.6969420909881592,0.7159011960029602,0,-0.008063999935984612,4.192590236663818,0,1
B33,mixamorig_RightHandIndex3,32,0.9998727440834045,0.015862401574850082,0.0016076273750513792,0,-0.015879401937127113,0.9817543625831604,0.18948715925216675,0,0.0014278044691309333,-0.18948815762996674,0.9818816781044006,0,0.023181000724434853,3.989078998565674,0,1
B34,mixamorig_RightHandIndex4,33,1,0,0,0,0,1,0,0,0,0,1,0,-0.015116999857127666,2.8271970748901367,0,1
B35,mixamorig_RightHandMiddle1,26,0.9366216063499451,0.3470432162284851,0.04797222837805748,0,-0.35034167766571045,0.9273530840873718,0.13143391907215118,0,0.0011260778410360217,-0.13990992307662964,0.9901620149612427,0,-2.743367910385132,11.5439453125,-0.4893049895763397,1
B36,mixamorig_RightHandMiddle2,35,0.996797502040863,0.075192891061306,0.0272182896733284,0,-0.07579144835472107,0.779765248298645,0.6214665770530701,0,0.02550582028925419,-0.6215395331382751,0.7829667329788208,0,0.011687999591231346,4.731698989868164,0,1
B37,mixamorig_RightHandMiddle3,36,0.9997965097427368,0.018043311312794685,-0.0090023223310709,0,-0.016283225268125534,0.9857687950134277,0.16731315851211548,0,0.011893576942384243,-0.1671331524848938,0.9858618378639221,0,-0.00035200000274926424,3.8798980712890625,0,1
B38,mixamorig_RightHandMiddle4,37,1,0,0,0,0,1,0,0,0,0,1,0,-0.011335999704897404,2.377289056777954,0,1
B39,mixamorig_LeftUpLeg,0,-0.995453417301178,-0.0764048621058464,0.0568743571639061,0,0.08500311523675919,-0.9820204377174377,0.1685517281293869,0,0.04297396168112755,0.17262005805969238,0.9840503334999084,0,8.380219459533691,-5.952721118927002,-2.250178098678589,1
B40,mixamorig_LeftLeg,39,0.9864446520805359,0.06481226533651352,0.15075361728668213,0,0.02523619681596756,0.8478487133979797,-0.52963787317276,0,-0.16214340925216675,0.5262620449066162,0.8347201943397522,0,0,41.47914505004883,0,1
B41,mixamorig_LeftFoot,40,0.9982529282569885,-0.05533573031425476,-0.02072356827557087,0,0.026459112763404846,0.10500522702932358,0.9941192865371704,0,-0.052833810448646545,-0.992931067943573,0.10628560185432434,0,0,37.93072509765625,0,1
B42,mixamorig_LeftToeBase,41,0.9992801547050476,-0.000008177014024113305,0.03792472556233406,0,-0.01575670763850212,0.9095132350921631,0.4153747856616974,0,-0.03449610620737076,-0.41567379236221313,0.9088593125343323,0,0,14.66749095916748,0,1
B43,mixamorig_LeftToe_End,42,1,0,0,0,0,1,0,0,0,0,1,0,0,6.862031936645508,0,1
B44,mixamorig_RightUpLeg,0,-0.9661208987236023,0.07990919798612595,-0.24540705978870392,0,-0.12019114941358566,-0.9807612299919128,0.1538187712430954,0,-0.22839373350143433,0.17810334265232086,0.95713871717453,0,-8.380219459533691,-5.952721118927002,-2.1491379737854004,1
B45,mixamorig_RightLeg,44,0.997922420501709,-0.0064695063047111034,-0.06410802155733109,0,-0.024265756830573082,0.8839614987373352,-0.4669291079044342,0,0.059689152985811234,0.4675145447254181,0.8819674849510193,0,0,41.47578430175781,0,1
B46,mixamorig_RightFoot,45,0.996864378452301,0.07912401109933853,0.0002722465724218637,0,-0.01496893260627985,0.18520787358283997,0.9825847148895264,0,0.07769548147916794,-0.9795083999633789,0.18581251800060272,0,0,37.91712188720703,0,1
B47,mixamorig_RightToeBase,46,0.9993839859962463,0,-0.0350940003991127,0,0.014354088343679905,0.9125199913978577,0.4087800085544586,0,0.03202399984002113,-0.40903109312057495,0.9119579792022705,0,0,14.81043529510498,0,1
B48,mixamorig_RightToe_End,47,1,0,0,0,0,1,0,0,0,0,1,0,0,6.801266193389893,0,1
@40,0,1,2,3,4,5,7,8,9,10,11,12,13,15,16,17,19,20,21,23,24,25,26,27,28,29,31,32,33,35,36,37,39,40,41,42,44,45,46,47
K0.000,0.9998459815979004,-0.017342999577522278,0.0024880000855773687,0,0.017402999103069305,0.9994969964027405,-0.026500999927520752,0,-0.0020280000753700733,0.02653999999165535,0.999646008014679,0,-0.020667999982833862,90.91053771972656,2.3818700313568115,1,0.9999970197677612,-0.0009919999865815043,0.0020890000741928816,0,0.0011370000429451466,0.9975020289421082,-0.07062199711799622,0,-0.002013999968767166,0.07062400132417679,0.997501015663147,0,0,10.726066589355469,-0.9416249990463257,1,0.9990609884262085,-0.002010999945923686,0.04326900094747543,0,0.0012420000275596976,0.9998409748077393,0.017789000645279884,0,-0.04329799860715866,-0.017719000577926636,0.9989050030708313,0,0,12.561868667602539,0,1,0.9990620017051697,-0.0012509999796748161,0.04328500106930733,0,0.00048600000445730984,0.9998440146446228,0.017666999250650406,0,-0.04330100119113922,-0.017629999667406082,0.9989070296287537,0,0,14.356425285339355,0,1,0.9995719790458679,-0.024284999817609787,-0.016333000734448433,0,0.02490900084376335,0.9989219903945923,0.039159998297691345,0,0.015363999642431736,-0.03954999893903732,0.9990990161895752,0,0,16.15097427368164,0,1,0.9975690245628357,0.06154999881982803,0.032680999487638474,0,-0.06441199779510498,0.9933639764785767,0.09528599679470062,0,-0.026599999517202377,-0.09715999662876129,0.9949129819869995,0,0,7.353363037109375,1.5495469570159912,1,-0.15773800015449524,-0.006599999964237213,-0.9874590039253235,0,0.9374200105667114,-0.3153510093688965,-0.1476369947195053,0,-0.31042200326919556,-0.9489520192146301,0.0559299997985363,0,7.829264163970947,13.575481414794922,-0.22684599459171295,1,0.9260950088500977,0.31720900535583496,-0.20426900684833527,0,-0.023799000307917595,0.5894460082054138,0.8074569702148438,0,0.3765380084514618,-0.742920994758606,0.5534330010414124,0,0,16.86953353881836,0,1,0.8731489777565002,0.48717200756073,0.016565000638365746,0,-0.48740899562835693,0.8721110224723816,0.043056998401880264,0,0.006529000122100115,-0.04566900059580803,0.9989349842071533,0,0,29.034502029418945,0,1,0.9791240096092224,-0.007865999825298786,-0.20311200618743896,0,0.05728200078010559,0.9694290161132812,0.2385910004377365,0,0.1950259953737259,-0.24524499475955963,0.94964200258255,0,0,26.924732208251953,0,1,0.9995149970054626,-0.023151999339461327,0.02083900012075901,0,0.016774000599980354,0.9637770056724548,0.266182005405426,0,-0.026247000321745872,-0.2657040059566498,0.9636970162391663,0,-3.3962039947509766,4.071822166442871,1.3264659643173218,1,0.9894859790802002,-0.13712100684642792,-0.04598600044846535,0,0.13950900733470917,0.9887740015983582,0.053516000509262085,0,0.03813200071454048,-0.05936900153756142,0.9975079894065857,0,-0.5813760161399841,4.33371114730835,0,1,0.995212972164154,0.09581699967384338,0.019254999235272408,0,-0.094930000603199,0.9945690035820007,-0.042674001306295395,0,-0.023240000009536743,0.04064200073480606,0.9989029765129089,0,0.023622000589966774,4.7287797927856445,0,1,0.9726189970970154,-0.23130099475383759,-0.022624000906944275,0,0.22468100488185883,0.9109370112419128,0.3459950089454651,0,-0.05942000076174736,-0.341605007648468,0.9379630088806152,0,-2.7444119453430176,11.266654014587402,-0.28321900963783264,1,0.9987720251083374,-0.04697300121188164,-0.015728000551462173,0,0.04735000059008598,0.8120189905166626,0.5817070007324219,0,-0.014553000219166279,-0.5817379951477051,0.8132460117340088,0,0.011014999821782112,4.258218765258789,0,1,0.9999139904975891,-0.012896000407636166,-0.0023270000237971544,0,0.013000999577343464,0.9541079998016357,0.29917898774147034,0,-0.0016380000161007047,-0.29918399453163147,0.9541940093040466,0,-0.019927000626921654,4.062541961669922,0,1,0.9701570272445679,-0.2403479963541031,-0.03207400068640709,0,0.22918200492858887,0.8656949996948242,0.4450260102748871,0,-0.07919500023126602,-0.43909600377082825,0.8949429988861084,0,2.7444119453430176,11.509389877319336,-0.18605299293994904,1,0.9992920160293579,-0.03663500025868416,-0.00854399986565113,0,0.03694000095129013,0.9127259850502014,0.40689799189567566,0,-0.007108000107109547,-0.4069249927997589,0.9134340286254883,0,0.01687699928879738,3.994601011276245,0,1,0.9999960064888,-0.0027799999807029963,-0.0009040000149980187,0,0.002919000107795,0.9663680195808411,0.25714701414108276,0,0.00015799999528098851,-0.25714799761772156,0.966372013092041,0,-0.0332689993083477,4.158934116363525,0,1,0.01855899952352047,-0.016040999442338943,0.9996989965438843,0,-0.9656370282173157,-0.25953200459480286,0.013763000257313251,0,0.2592329978942871,-0.9656010270118713,-0.020306000486016273,0,-7.829264163970947,13.575350761413574,-0.22536300122737885,1,0.9249849915504456,-0.3554610013961792,0.13435199856758118,0,0.08029299974441528,0.5283939838409424,0.8451939821243286,0,-0.37142398953437805,-0.7710040211677551,0.5172970294952393,0,0,16.86953353881836,0,1,0.8911229968070984,-0.45350998640060425,-0.01510899979621172,0,0.4537380039691925,0.8902450203895569,0.03982599824666977,0,-0.004610999953001738,-0.04234499856829643,0.9990919828414917,0,0,29.035812377929688,0,1,0.9996309876441956,0.025433000177145004,0.009491999633610249,0,-0.025829000398516655,0.9986889958381653,0.044204000383615494,0,-0.00835500005632639,-0.044433001428842545,0.99897700548172,0,0,26.930509567260742,0,1,0.9297959804534912,0.23673200607299805,0.2818470001220703,0,-0.3186759948730469,0.9009270071983337,0.2945779860019684,0,-0.18418799340724945,-0.3637160062789917,0.9131190180778503,0,3.4417240619659424,4.3594841957092285,1.3918689489364624,1,0.9845730066299438,-0.15863099694252014,0.07384499907493591,0,0.15527699887752533,0.9866459965705872,0.04917600005865097,0,-0.08066000044345856,-0.03695100173354149,0.9960569739341736,0,0.6647019982337952,4.532374858856201,0,1,0.9904839992523193,-0.13755600154399872,-0.004494000226259232,0,0.13697999715805054,0.9884539842605591,-0.06477200239896774,0,0.013352000154554844,0.06353999674320221,0.9978899955749512,0,-0.14198599755764008,4.717234134674072,0,1,0.9471679925918579,0.31949201226234436,0.02826100029051304,0,-0.3200710117816925,0.9358299970626831,0.14757099747657776,0,0.02070000022649765,-0.14881999790668488,0.988647997379303,0,2.743367910385132,12.013800621032715,-0.25684699416160583,1,0.9949319958686829,0.09459999948740005,0.034067001193761826,0,-0.09527599811553955,0.7787489891052246,0.6200590133666992,0,0.032127998769283295,-0.6201620101928711,0.7838150262832642,0,-0.008063999935984612,4.192590236663818,0,1,0.9999619722366333,0.008685000240802765,0.0006859999848529696,0,-0.008696000091731548,0.9902139902114868,0.13928799331188202,0,0.0005300000193528831,-0.13928799331188202,0.9902520179748535,0,0.023181000724434853,3.989078998565674,0,1,0.9324439764022827,0.3550570011138916,0.06695199757814407,0,-0.3580529987812042,0.8831830024719238,0.30296099185943604,0,0.04843699932098389,-0.3064669966697693,0.9506480097770691,0,-2.743367910385132,11.5439453125,-0.4893049895763397,1,0.9981690049171448,0.05834599956870079,0.01593099907040596,0,-0.05871199816465378,0.871487021446228,0.4868910014629364,0,0.014525000005960464,-0.48693498969078064,0.8733170032501221,0,0.011687999591231346,4.731698989868164,0,1,0.9995689988136292,0.009654000401496887,-0.027723999693989754,0,-0.007029999978840351,0.995618999004364,0.09323500096797943,0,0.028503000736236572,-0.09300000220537186,0.9952579736709595,0,-0.00035200000274926424,3.8798980712890625,0,1,-0.9955289959907532,-0.05176499858498573,0.07900899648666382,0,0.061129000037908554,-0.990755021572113,0.12110800296068192,0,0.07200899720191956,0.1253959983587265,0.9894899725914001,0,8.380219459533691,-5.952721118927002,-2.250178098678589,1,0.987654983997345,0.033608999103307724,0.15299800038337708,0,0.02635199949145317,0.9271450042724609,-0.37377500534057617,0,-0.15441299974918365,0.3731920123100281,0.9148139953613281,0,0,41.47914505004883,0,1,0.9994159936904907,-0.026784000918269157,-0.02122499980032444,0,0.026153000071644783,0.19964499771595,0.9795190095901489,0,-0.021997999399900436,-0.9795020222663879,0.2002290040254593,0,0,37.93072509765625,0,1,0.9992899894714355,-0.00002300000051036477,0.037664998322725296,0,-0.01581599935889244,0.907302975654602,0.42017999291419983,0,-0.03418299928307533,-0.4204770028591156,0.9066590070724487,0,0,14.66749095916748,0,1,-0.9648820161819458,0.09126199781894684,-0.24632200598716736,0,-0.11924000084400177,-0.9876999855041504,0.10114199668169022,0,-0.23406200110912323,0.12696099281311035,0.9638959765434265,0,-8.380219459533691,-5.952721118927002,-2.1491379737854004,1,0.997564971446991,0.0033199999015778303,-0.06966199725866318,0,-0.02353999949991703,0.9562770128250122,-0.2915149927139282,0,0.06564799696207047,0.29244500398635864,0.9540259838104248,0,0,41.47578430175781,0,1,0.9969059824943542,0.0781560018658638,-0.00834100041538477,0,-0.014700000174343586,0.28963199257850647,0.9570249915122986,0,0.07721299678087234,-0.9539420008659363,0.289885014295578,0,0,37.91712188720703,0,1,0.9993839859962463,0,-0.0350940003991127,0,0.014353999868035316,0.9125199913978577,0.4087800085544586,0,0.03202399984002113,-0.4090319871902466,0.9119579792022705,0,0,14.81043529510498,0,1
K0.033,0.9998160004615784,-0.018982015550136566,0.0028120013885200024,0,0.019051015377044678,0.9994570016860962,-0.026891004294157028,0,-0.0023000009823590517,0.026940003037452698,0.9996340274810791,0,0.1439386010169983,90.88050842285156,2.3485209941864014,1,0.9999979734420776,-0.001224002568051219,0.001824997365474701,0,0.0013480023480951786,0.99754798412323,-0.06996998935937881,0,-0.0017339972546324134,0.06997199356555939,0.9975469708442688,0,0,10.726066589355469,-0.9416249990463257,1,0.9990770220756531,-0.0022460026666522026,0.042903997004032135,0,0.0014310022816061974,0.9998180270195007,0.01901601068675518,0,-0.042938996106386185,-0.018937010318040848,0.9988980293273926,0,0,12.561868667602539,0,1,0.9990770220756531,-0.0014610023936256766,0.042924996465444565,0,0.0006500020390376449,0.9998210072517395,0.018904011696577072,0,-0.04294499754905701,-0.0188590120524168,0.998898983001709,0,0,14.356425285339355,0,1,0.9995980262756348,-0.023430991917848587,-0.015933996066451073,0,0.02404899336397648,0.9989219903945923,0.039715010672807693,0,0.01498599722981453,-0.04008201137185097,0.9990839958190918,0,0,16.15097427368164,0,1,0.9975100159645081,0.06233600899577141,0.03297100216150284,0,-0.0652020052075386,0.9933879971504211,0.09449400007724762,0,-0.026862001046538353,-0.09640900045633316,0.9949790239334106,0,0,7.353363037109375,1.5495469570159912,1,-0.15524698793888092,-0.006444999482482672,-0.9878550171852112,0,0.9380589723587036,-0.314503014087677,-0.1453699916601181,0,-0.30974599719047546,-0.9492350220680237,0.05487099662423134,0,7.829264163970947,13.575481414794922,-0.22684599459171295,1,0.9254069924354553,0.3195649981498718,-0.20371399819850922,0,-0.02518300712108612,0.5882070064544678,0.808318018913269,0,0.37813600897789,-0.7428939938545227,0.5523790121078491,0,0,16.86953353881836,0,1,0.8733350038528442,0.4868389964103699,0.01654900051653385,0,-0.4870760142803192,0.8722990155220032,0.04302699863910675,0,0.006511999759823084,-0.04563799872994423,0.9989370107650757,0,0,29.034502029418945,0,1,0.9789260029792786,-0.00760499807074666,-0.20407401025295258,0,0.05739300325512886,0.9692739844322205,0.23919300734996796,0,0.19598501920700073,-0.24586400389671326,0.949284017086029,0,0,26.924732208251953,0,1,0.9995120167732239,-0.023277001455426216,0.020826999098062515,0,0.016903001815080643,0.9638140201568604,0.2660380005836487,0,-0.026265999302268028,-0.2655560076236725,0.9637380242347717,0,-3.3962039947509766,4.071822166442871,1.3264659643173218,1,0.9895150065422058,-0.13696399331092834,-0.045827001333236694,0,0.13933999836444855,0.9888020157814026,0.05343899875879288,0,0.037994999438524246,-0.05926400050520897,0.9975190162658691,0,-0.5813760161399841,4.33371114730835,0,1,0.9952099919319153,0.09584199637174606,0.019260000437498093,0,-0.0949539989233017,0.9945679903030396,-0.04265100136399269,0,-0.023243999108672142,0.04061799868941307,0.9989039897918701,0,0.023622000589966774,4.7287797927856445,0,1,0.9725580215454102,-0.2315549999475479,-0.022664999589323997,0,0.22482000291347504,0.9102299809455872,0.34776201844215393,0,-0.05989500507712364,-0.3433140218257904,0.9373090267181396,0,-2.7444119453430176,11.266654014587402,-0.28321900963783264,1,0.9987829923629761,-0.04679400101304054,-0.015579999424517155,0,0.04716699942946434,0.8139730095863342,0.5789849758148193,0,-0.01441199891269207,-0.5790150165557861,0.815189003944397,0,0.011014999821782112,4.258218765258789,0,1,0.9999160170555115,-0.01278499886393547,-0.0022979998029768467,0,0.012889998964965343,0.9546020030975342,0.2976039946079254,0,-0.0016109998105093837,-0.29760900139808655,0.9546869993209839,0,-0.019927000626921654,4.062541961669922,0,1,0.9702180027961731,-0.2401220053434372,-0.03190600126981735,0,0.22874300181865692,0.8648660182952881,0.4468590319156647,0,-0.07970600575208664,-0.44084903597831726,0.8940349817276001,0,2.7444119453430176,11.509389877319336,-0.18605299293994904,1,0.999297022819519,-0.03651399910449982,-0.008470999076962471,0,0.03681600093841553,0.9136540293693542,0.40482097864151,0,-0.007041999604552984,-0.40484896302223206,0.914355993270874,0,0.01687699928879738,3.994601011276245,0,1,0.9999960064888,-0.0027099992148578167,-0.000890999857801944,0,0.002847999334335327,0.9666650295257568,0.25602999329566956,0,0.0001670000929152593,-0.25603199005126953,0.9666680097579956,0,-0.0332689993083477,4.158934116363525,0,1,0.02259502373635769,-0.01690300554037094,0.9996020197868347,0,-0.964801013469696,-0.26240798830986023,0.017371023073792458,0,0.26201000809669495,-0.964809000492096,-0.022237010300159454,0,-7.829264163970947,13.575350761413574,-0.22536300122737885,1,0.9244499802589417,-0.35673999786376953,0.1346459984779358,0,0.0814480111002922,0.5297139883041382,0.8442559838294983,0,-0.37250399589538574,-0.7695059776306152,0.518750011920929,0,0,16.86953353881836,0,1,0.8906499743461609,-0.4544369876384735,-0.015150000341236591,0,0.45466598868370056,0.8897680044174194,0.039907000958919525,0,-0.004655000288039446,-0.042431000620126724,0.9990890026092529,0,0,29.035812377929688,0,1,0.99965500831604,0.024609990417957306,0.009193972684442997,0,-0.02498398907482624,0.9987589716911316,0.04307899251580238,0,-0.008122974075376987,-0.043293990194797516,0.9990289807319641,0,0,26.930509567260742,0,1,0.9296720027923584,0.2372329980134964,0.28183498978614807,0,-0.3187350034713745,0.9015870094299316,0.2924869954586029,0,-0.18471099436283112,-0.36174800992012024,0.913794994354248,0,3.4417240619659424,4.3594841957092285,1.3918689489364624,1,0.9844689965248108,-0.1596440076828003,0.07303399592638016,0,0.15632101893424988,0.9864810109138489,0.04918700084090233,0,-0.07989899069070816,-0.03700599819421768,0.9961159825325012,0,0.6647019982337952,4.532374858856201,0,1,0.990481972694397,-0.1375660002231598,-0.004515000153332949,0,0.1369899958372116,0.9884570240974426,-0.06469699740409851,0,0.013363000005483627,0.0634630024433136,0.9978950023651123,0,-0.14198599755764008,4.717234134674072,0,1,0.947422981262207,0.31873899698257446,0.028193002566695213,0,-0.3192969858646393,0.9359449744224548,0.14851301908493042,0,0.02094900608062744,-0.14970701932907104,0.9885089993476868,0,2.743367910385132,12.013800621032715,-0.25684699416160583,1,0.9949359893798828,0.09456700086593628,0.03403899818658829,0,-0.09524200111627579,0.7789419889450073,0.6198220252990723,0,0.032099999487400055,-0.6199250221252441,0.7840039730072021,0,-0.008063999935984612,4.192590236663818,0,1,0.9999629855155945,0.008557998575270176,0.000672999769449234,0,-0.00856899842619896,0.990339994430542,0.13839899003505707,0,0.0005179997533559799,-0.13839899003505707,0.9903759956359863,0,0.023181000724434853,3.989078998565674,0,1,0.9327600002288818,0.3542259931564331,0.06694699823856354,0,-0.357109010219574,0.8825200200080872,0.3059940040111542,0,0.04930900037288666,-0.3093259930610657,0.9496769905090332,0,-2.743367910385132,11.5439453125,-0.4893049895763397,1,0.998179018497467,0.058201998472213745,0.015850000083446503,0,-0.05856600031256676,0.8721420168876648,0.4857339859008789,0,0.014446999877691269,-0.48577800393104553,0.8739629983901978,0,0.011687999591231346,4.731698989868164,0,1,0.9995620250701904,0.00945199839770794,-0.028049997985363007,0,-0.00684199808165431,0.995760977268219,0.09172698855400085,0,0.028797999024391174,-0.09149498492479324,0.9953889846801758,0,-0.00035200000274926424,3.8798980712890625,0,1,-0.9954419732093811,-0.051955003291368484,0.07997800409793854,0,0.06164700537919998,-0.9903759956359863,0.1239120215177536,0,0.07277100533246994,0.12827801704406738,0.9890649914741516,0,8.380219459533691,-5.952721118927002,-2.250178098678589,1,0.9878079891204834,0.03322199359536171,0.15209297835826874,0,0.02733401209115982,0.9247779846191406,-0.3795240521430969,0,-0.1532609909772873,0.37905406951904297,0.9125949740409851,0,0,41.47914505004883,0,1,0.9994850158691406,-0.024604978039860725,-0.02060399204492569,0,0.02503998763859272,0.19632796943187714,0.9802179932594299,0,-0.020072979852557182,-0.9802290201187134,0.1968429684638977,0,0,37.93072509765625,0,1,0.9992899894714355,-0.000022000000171829015,0.03768099844455719,0,-0.01581300050020218,0.9074379801750183,0.4198879897594452,0,-0.03420199826359749,-0.42018499970436096,0.906794011592865,0,0,14.66749095916748,0,1,-0.9644489884376526,0.09108699858188629,-0.24807702004909515,0,-0.11939000338315964,-0.9876440167427063,0.10151899605989456,0,-0.2357640117406845,0.12752799689769745,0.9634060263633728,0,-8.380219459533691,-5.952721118927002,-2.1491379737854004,1,0.9975569844245911,0.0021699878852814436,-0.06982000917196274,0,-0.022521989420056343,0.9561309814453125,-0.29207199811935425,0,0.06612300872802734,0.2929309904575348,0.9538450241088867,0,0,41.47578430175781,0,1,0.9967690110206604,0.08010402321815491,-0.005951976403594017,0,-0.017622029408812523,0.29037201404571533,0.9567520022392273,0,0.07836801558732986,-0.9535549879074097,0.29084500670433044,0,0,37.91712188720703,0,1,0.9993839859962463,0,-0.0350940003991127,0,0.014353999868035316,0.9125199913978577,0.4087800085544586,0,0.03202399984002113,-0.4090319871902466,0.9119579792022705,0,0,14.81043529510498,0,1
K0.067,0.9997860193252563,-0.020480984821915627,0.0029439986683428288,0,0.020553985610604286,0.9994149804115295,-0.027348997071385384,0,-0.002381999045610428,0.027403995394706726,0.9996219873428345,0,0.30346542596817017,90.85697937011719,2.336977005004883,1,0.9999979734420776,-0.0014779974007979035,0.0015550026437267661,0,0.0015829976182430983,0.9975870251655579,-0.06940900534391403,0,-0.0014490027679130435,0.0694110095500946,0.9975870251655579,0,0,10.726066589355469,-0.9416249990463257,1,0.9990950226783752,-0.0025119974743574858,0.04245400428771973,0,0.0016599976224824786,0.999796986579895,0.020094988867640495,0,-0.042496003210544586,-0.02000598795711994,0.9988960027694702,0,0,12.561868667602539,0,1,0.9990959763526917,-0.001704997499473393,0.042479004710912704,0,0.0008559979614801705,0.9998000264167786,0.019993988797068596,0,-0.04250400513410568,-0.019938988611102104,0.9988970160484314,0,0,14.356425285339355,0,1,0.9996209740638733,-0.022678008303046227,-0.015602003782987595,0,0.023297008126974106,0.9989010095596313,0.04066899046301842,0,0.014662003144621849,-0.041016992181539536,0.9990509748458862,0,0,16.15097427368164,0,1,0.9974539875984192,0.06308399140834808,0.033267997205257416,0,-0.06597499549388885,0.9933369755744934,0.09449300169944763,0,-0.027084998786449432,-0.09644699841737747,0.9949700236320496,0,0,7.353363037109375,1.5495469570159912,1,-0.15412501990795135,-0.006384000647813082,-0.9880310297012329,0,0.9384089708328247,-0.31392601132392883,-0.14435601234436035,0,-0.3092460036277771,-0.949425995349884,0.05437500402331352,0,7.829264163970947,13.575481414794922,-0.22684599459171295,1,0.9252169728279114,0.3203960061073303,-0.2032719999551773,0,-0.02589799277484417,0.5877919793128967,0.8085970282554626,0,0.37855398654937744,-0.7428640127182007,0.5521330237388611,0,0,16.86953353881836,0,1,0.873583972454071,0.48639199137687683,0.016527000814676285,0,-0.48662999272346497,0.8725500106811523,0.04298799857497215,0,0.006488000508397818,-0.04559599980711937,0.9989389777183533,0,0,29.034502029418945,0,1,0.9786530137062073,-0.007439001929014921,-0.2053859829902649,0,0.057617995887994766,0.9691979885101318,0.2394469976425171,0,0.1972779780626297,-0.24616900086402893,0.9489369988441467,0,0,26.924732208251953,0,1,0.9995089769363403,-0.02341499738395214,0.020810000598430634,0,0.01704399846494198,0.9638469815254211,0.2659110128879547,0,-0.026283999904990196,-0.26542600989341736,0.9637730121612549,0,-3.3962039947509766,4.071822166442871,1.3264659643173218,1,0.9895470142364502,-0.13679100573062897,-0.04565099999308586,0,0.13915300369262695,0.9888330101966858,0.05334499850869179,0,0.03784399852156639,-0.059140000492334366,0.9975320100784302,0,-0.5813760161399841,4.33371114730835,0,1,0.9952020049095154,0.09593000262975693,0.019262000918388367,0,-0.09504300355911255,0.9945589900016785,-0.04264499992132187,0,-0.02324800007045269,0.04061000049114227,0.9989050030708313,0,0.023622000589966774,4.7287797927856445,0,1,0.9724839925765991,-0.23185700178146362,-0.022724999114871025,0,0.22501100599765778,0.9095169901847839,0.3494969606399536,0,-0.060363996773958206,-0.3449939787387848,0.9366620182991028,0,-2.7444119453430176,11.266654014587402,-0.28321900963783264,1,0.9987930059432983,-0.04662900045514107,-0.01544400118291378,0,0.046998001635074615,0.8157569766044617,0.5764819979667664,0,-0.014282001182436943,-0.5765119791030884,0.8169639706611633,0,0.011014999821782112,4.258218765258789,0,1,0.9999169707298279,-0.012683001346886158,-0.0022710002958774567,0,0.012786000967025757,0.9550570249557495,0.2961449921131134,0,-0.001587000209838152,-0.29614999890327454,0.9551399946212769,0,-0.019927000626921654,4.062541961669922,0,1,0.9702659845352173,-0.23994700610637665,-0.03175700083374977,0,0.2283399999141693,0.8639240264892578,0.448883980512619,0,-0.08027198910713196,-0.4427879750728607,0.8930259943008423,0,2.7444119453430176,11.509389877319336,-0.18605299293994904,1,0.9993020296096802,-0.036403000354766846,-0.008403001353144646,0,0.036701999604701996,0.9145010113716125,0.40291503071784973,0,-0.006982000544667244,-0.402942031621933,0.9151989817619324,0,0.01687699928879738,3.994601011276245,0,1,0.9999960064888,-0.002645000582560897,-0.0008800001232884824,0,0.002782000694423914,0.9669380187988281,0.2549949884414673,0,0.00017599991406314075,-0.25499600172042847,0.9669420123100281,0,-0.0332689993083477,4.158934116363525,0,1,0.025025974959135056,-0.017396993935108185,0.9995350241661072,0,-0.9643599987030029,-0.2638689875602722,0.01955297775566578,0,0.26340699195861816,-0.9644020199775696,-0.023380989208817482,0,-7.829264163970947,13.575350761413574,-0.22536300122737885,1,0.9239810109138489,-0.35789600014686584,0.1347920000553131,0,0.08197199553251266,0.5296000242233276,0.844277024269104,0,-0.3735490143299103,-0.7690479755401611,0.5186780095100403,0,0,16.86953353881836,0,1,0.8903949856758118,-0.4549359977245331,-0.015173000283539295,0,0.45516499876976013,0.8895099759101868,0.03995100036263466,0,-0.004678999539464712,-0.04247799888253212,0.9990860223770142,0,0,29.035812377929688,0,1,0.9996979832649231,0.023686008527874947,0.006538026500493288,0,-0.02394201047718525,0.9988219738006592,0.0422150082886219,0,-0.005530025810003281,-0.04235900565981865,0.9990869760513306,0,0,26.930509567260742,0,1,0.9295340180397034,0.23766200244426727,0.28192800283432007,0,-0.3189049959182739,0.9019790291786194,0.2910909950733185,0,-0.18511199951171875,-0.3604870140552521,0.9142109751701355,0,3.4417240619659424,4.3594841957092285,1.3918689489364624,1,0.984387993812561,-0.160427987575531,0.07240501046180725,0,0.15712898969650269,0.9863520264625549,0.04920100048184395,0,-0.07931000739336014,-0.03705599904060364,0.9961609840393066,0,0.6647019982337952,4.532374858856201,0,1,0.990477979183197,-0.137595996260643,-0.004523999989032745,0,0.13702000677585602,0.9884560108184814,-0.06466100364923477,0,0.0133689995855093,0.06342499703168869,0.9978970289230347,0,-0.14198599755764008,4.717234134674072,0,1,0.9473950266838074,0.31881099939346313,0.028332998976111412,0,-0.31934699416160583,0.9356120228767395,0.15048998594284058,0,0.0214689951390028,-0.1516219824552536,0.9882050156593323,0,2.743367910385132,12.013800621032715,-0.25684699416160583,1,0.9949489831924438,0.09446399658918381,0.03395000100135803,0,-0.09513700008392334,0.7795510292053223,0.6190710067749023,0,0.03201400116086006,-0.6191740036010742,0.7846009731292725,0,-0.008063999935984612,4.192590236663818,0,1,0.9999650120735168,0.008335001766681671,0.0006510002422146499,0,-0.008346001617610455,0.9905580282211304,0.13684001564979553,0,0.0004960002261213958,-0.13684101402759552,0.9905930161476135,0,0.023181000724434853,3.989078998565674,0,1,0.9329349994659424,0.3537909984588623,0.0668099969625473,0,-0.3566429913043976,0.8826259970664978,0.30623099207878113,0,0.04937399923801422,-0.30952098965644836,0.9496099948883057,0,-2.743367910385132,11.5439453125,-0.4893049895763397,1,0.9981750249862671,0.05825699865818024,0.015881000086665154,0,-0.05862199887633324,0.871891975402832,0.486176997423172,0,0.014476999640464783,-0.48622000217437744,0.8737159967422485,0,0.011687999591231346,4.731698989868164,0,1,0.999567985534668,0.009226001799106598,-0.027908001095056534,0,-0.006670001894235611,0.9958879947662354,0.09035101532936096,0,0.028626002371311188,-0.09012601524591446,0.9955189824104309,0,-0.00035200000274926424,3.8798980712890625,0,1,-0.9953600168228149,-0.0521789975464344,0.08084399253129959,0,0.062122996896505356,-0.990106999874115,0.12581698596477509,0,0.07347898930311203,0.13025498390197754,0.9887539744377136,0,8.380219459533691,-5.952721118927002,-2.250178098678589,1,0.9879999756813049,0.03235500678420067,0.15102902054786682,0,0.028499988839030266,0.9228349924087524,-0.38413894176483154,0,-0.15180401504039764,0.3838329315185547,0.9108390212059021,0,0,41.47914505004883,0,1,0.9995549917221069,-0.022329023107886314,-0.01978900656104088,0,0.023738013580441475,0.1933700293302536,0.9808390140533447,0,-0.018075020983815193,-0.9808719754219055,0.19381402432918549,0,0,37.93072509765625,0,1,0.9992899894714355,-0.000022000000171829015,0.037686001509428024,0,-0.015811000019311905,0.9074839949607849,0.41978898644447327,0,-0.0342090018093586,-0.4200870096683502,0.9068390130996704,0,0,14.66749095916748,0,1,-0.9640539884567261,0.09106799960136414,-0.2496109902858734,0,-0.11948099732398987,-0.9876729846000671,0.10112200677394867,0,-0.23732498288154602,0.12731100618839264,0.963051974773407,0,-8.380219459533691,-5.952721118927002,-2.1491379737854004,1,0.9975230097770691,0.0009540120954625309,-0.07033298909664154,0,-0.0214880108833313,0.956242024898529,-0.2917880117893219,0,0.06697699427604675,0.29257598519325256,0.9538940191268921,0,0,41.47578430175781,0,1,0.996616005897522,0.08212397992610931,-0.00359702343121171,0,-0.02054796926677227,0.29124999046325684,0.9564260244369507,0,0.0795929878950119,-0.9531149864196777,0.2919520139694214,0,0,37.91712188720703,0,1,0.9993839859962463,0,-0.0350940003991127,0,0.014353999868035316,0.9125199913978577,0.40877899527549744,0,0.03202399984002113,-0.4090310037136078,0.9119579792022705,0,0,14.81043529510498,0,1
